238
262
559
216
29
884
389
561
743
80
828
989
122
428
4
653
958
304
477
351
24
524
194
169
599
703
238
505
668
899
390
136
703
852
372
589
936
760
532
173
877
225
377
70
128
816
519
126
771
769
287
883
22
107
703
569
572
892
96
903
475
38
796
187
851
99
175
317
392
6
412
670
655
168
304
95
430
135
806
478
114
997
885
433
572
587
866
401
597
109
902
420
903
932
996
249
745
404
438
523
752
106
104
275
221
110
634
72
55
433
524
791
760
810
179
469
496
706
56
458
922
376
601
309
691
844
91
387
587
521
76
987
468
845
753
844
336
600
830
541
665
144
211
316
98
372
548
139
823
951
323
16
148
390
786
286
112
113
631
19
966
522
209
420
148
880
371
305
521
115
855
868
346
376
449
546
895
585
773
591
572
422
764
613
312
704
470
469
687
165
807
740
517
75
228
907
434
763
375
88
581
67
550
576
621
253
717
675
187
344
371
765
911
335
749
848
141
975
133
985
528
246
337
981
353
442
483
561
309
12
38
657
347
733
52
5
984
835
95
747
432
62
815
482
848
660
1
427
401
766
97
774
4
10
610
133
417
133
473
334
497
132
774
271
115
462
601
165
753
307
61
5
937
340
9
779
562
943
81
970
639
458
868
766
76
190
370
928
199
278
870
818
659
799
211
484
674
413
848
130
165
211
138
244
286
452
880
175
282
913
612
833
41
249
626
408
9
219
735
284
512
361
768
276
181
358
989
470
651
175
34
982
968
730
427
151
54
813
447
529
798
327
494
288
341
813
540
761
728
564
807
446
847
564
530
88
335
756
144
562
835
198
280
48
631
972
287
30
162
572
875
465
694
595
329
288
396
877
261
896
531
34
5
168
697
490
625
388
644
692
996
100
582
460
399
1
890
82
851
435
857
5
348
281
730
863
723
306
770
45
45
103
177
437
296
126
573
281
464
786
462
769
637
878
260
727
489
331
508
189
27
363
507
345
695
631
801
700
717
136
8
753
448
66
220
576
79
591
801
772
925
670
544
748
194
512
674
550
584
199
860
552
984
238
392
962
36
481
864
657
160
219
650
475
851
936
406
14
898
45
474
65
839
554
249
387
196
42
74
673
244
715
863
600
805
415
241
135
542
72
887
825
834
671
113
805
248
30
589
283
372
167
510
973
540
450
508
756
648
259
925
641
43
713
377
488
517
469
305
128
979
290
181
540
215
330
112
325
887
735
337
933
1
639
367
252
62
558
503
461
883
31
892
450
787
333
106
858
664
607
280
347
515
375
504
261
854
167
965
439
383
14
193
242
222
697
635
306
312
752
4
793
554
667
885
514
321
64
933
603
168
315
871
275
938
397
319
566
486
65
675
780
299
239
382
571
579
930
359
12
234
276
704
941
740
181
436
550
663
646
140
168
28
774
621
452
416
171
731
757
401
901
460
776
359
920
444
407
748
192
977
472
988
912
189
475
884
562
706
349
300
491
633
742
768
297
200
769
312
79
638
164
30
269
142
402
940
905
889
380
434
14
373
240
232
944
795
638
328
908
238
105
164
697
733
951
920
985
61
636
347
324
390
688
428
826
708
570
968
521
689
178
526
738
287
238
623
422
221
888
186
724
940
209
517
721
801
16
826
553
73
422
32
396
744
743
303
324
705
608
859
290
691
562
641
453
845
94
309
135
331
843
458
911
347
259
571
944
490
148
465
409
98
462
760
594
928
420
181
928
614
555
570
569
844
288
48
169
308
822
233
546
172
472
389
793
874
960
205
212
616
984
694
122
782
123
367
528
469
967
206
138
996
527
167
604
412
340
526
378
39
334
892
461
487
333
816
488
107
25
55
812
754
84
691
996
184
117
316
680
530
175
847
871
705
926
373
749
688
730
310
269
997
98
447
169
385
725
632
314
391
707
361
698
310
369
338
258
742
994
874
559
697
256
75
145
79
383
258
481
463
404
646
308
583
984
22
628
259
678
807
874
31
643
225
955
690
670
589
551
262
908
97
44
914
549
188
299
779
658
604
891
460
356
193
837
426
995
481
729
450
896
595
405
256
440
986
235
979
399
970
538
430
784
362
59
774
112
5
621
368
688
389
650
107
961
947
501
548
384
490
758
658
169
875
832
256
911
28
290
945
849
722
770
931
675
249
526
766
253
848
796
340
521
601
369
248
532
633
430
627
729
969
965
97
666
268
565
284
555
783
19
456
420
40
475
700
361
978
126
889
168
379
504
563
734
50
318
836
423
271
888
312
71
726
857
788
915
352
561
387
669
29
939
39
659
62
88
326
996
209
882
233
697
963
261
466
707
216
687
120
20
381
154
903
126
564
106
236
143
296
49
448
804
701
50
184
577
600
974
504
289
897
340
407
10
169
738
865
939
272
180
296
94
385
134
50
251
394
299
584
336
253
793
638
628
547
765
10
123
260
926
886
624
703
15
919
613
159
749
886
202
776
497
549
397
692
386
416
26
803
339
160
991
332
975
874
807
923
692
901
389
33
622
6
482
808
721
701
46
467
723
112
351
980
61
801
315
245
540
237
949
867
998
35
682
265
652
737
309
273
8
638
263
948
164
932
753
593
588
620
713
175
373
881
519
1000
133
386
625
520
827
376
894
914
330
126
205
297
954
487
481
119
64
759
839
681
674
859
571
234
378
986
561
329
842
376
4
191
252
338
664
889
268
209
662
482
888
854
767
287
643
989
849
255
25
741
488
76
906
745
707
292
403
650
8
471
398
293
979
474
985
293
135
520
44
498
410
516
878
470
195
234
793
855
189
224
886
770
660
436
206
4
394
94
396
257
527
898
500
17
993
327
10
682
705
679
312
842
255
855
627
100
458
112
182
797
738
524
779
411
634
133
701
995
334
865
408
307
825
492
460
103
69
149
783
384
618
90
532
785
11
414
556
245
787
510
397
552
557
272
81
690
594
645
30
908
805
266
598
951
672
675
181
733
82
32
758
699
67
164
61
921
414
420
1
603
206
538
791
632
369
949
903
694
712
973
731
391
950
160
479
664
584
449
387
913
170
773
997
461
611
50
867
733
523
384
348
171
660
985
775
761
300
156
409
66
136
547
435
899
413
872
299
367
631
611
261
248
416
801
108
203
559
671
425
366
451
12
288
674
117
19
91
225
388
401
340
150
215
580
605
300
890
354
113
228
659
644
93
890
118
419
132
195
419
605
363
131
724
227
670
432
258
412
287
135
527
378
925
63
910
447
103
974
834
915
49
453
327
89
42
195
102
385
106
513
456
309
660
71
461
806
418
338
568
34
526
406
824
100
496
530
937
633
604
53
550
510
558
428
276
169
209
713
205
466
60
202
249
894
357
388
4
39
140
276
521
918
151
768
147
353
177
715
378
891
72
609
393
202
524
158
379
113
114
896
838
419
533
566
20
876
739
977
22
881
763
176
241
104
367
592
30
818
768
101
257
694
13
819
162
612
479
863
422
579
597
165
218
265
430
625
867
109
630
529
337
550
938
925
685
756
851
385
573
938
870
442
19
162
108
850
648
265
484
293
253
639
604
332
703
933
642
479
71
545
120
418
897
978
929
53
320
768
661
702
187
583
329
879
507
712
590
617
644
928
245
544
779
559
707
983
34
650
227
657
908
94
192
811
925
757
139
608
316
103
340
71
344
918
702
635
944
299
956
409
845
514
140
584
696
251
452
938
550
76
732
413
637
128
515
695
178
7
864
10
992
6
328
517
412
498
708
278
937
87
66
151
35
66
105
865
565
8
143
746
591
435
692
209
687
464
324
200
782
865
859
629
187
622
355
887
203
948
730
608
450
801
679
18
603
619
139
476
1000
432
593
840
218
482
417
504
282
218
441
659
179
712
594
760
350
966
601
284
597
271
971
805
164
73
427
104
714
886
221
812
840
218
457
150
578
94
704
15
809
19
819
519
112
61
300
134
992
330
894
967
733
200
116
699
894
705
169
816
516
44
271
84
282
981
429
273
795
372
755
359
833
911
399
117
51
105
222
649
555
753
773
278
172
467
963
167
463
68
36
279
129
798
399
56
801
477
873
313
627
699
34
18
315
916
952
397
624
674
897
718
174
288
74
27
546
183
299
358
807
356
475
147
659
751
326
236
29
656
465
953
356
477
88
148
7
43
340
787
62
883
916
671
11
61
921
563
551
320
640
70
746
823
997
487
449
16
794
396
779
449
387
216
948
478
63
931
606
783
692
224
727
451
676
15
49
268
435
547
159
397
88
782
462
668
568
291
235
432
290
856
838
212
992
321
944
592
543
732
160
799
666
372
877
881
72
605
284
814
358
372
950
196
948
815
549
833
366
808
510
53
512
782
574
845
954
787
143
751
380
881
242
109
337
400
28
720
195
717
590
822
915
361
957
80
933
532
370
535
721
137
157
465
737
70
931
629
819
352
614
380
592
297
956
940
732
385
340
504
716
981
922
122
235
727
980
864
818
386
924
635
847
430
630
723
152
119
989
675
525
266
222
18
168
821
146
739
235
169
500
877
427
501
51
573
437
385
237
113
575
34
183
667
299
74
209
974
963
191
371
885
501
860
474
839
962
84
551
776
392
179
837
574
483
479
745
156
108
186
734
547
886
931
655
174
348
410
82
270
27
93
522
983
347
802
306
107
992
547
667
245
339
974
170
371
108
470
62
854
734
595
678
38
18
592
881
1000
528
166
397
815
307
43
601
399
181
62
614
695
788
575
476
4
870
539
994
151
449
361
28
957
726
17
644
137
228
105
624
453
285
666
250
387
431
509
766
356
481
656
262
258
981
300
933
493
457
643
440
708
728
154
304
954
382
528
390
806
909
491
92
500
254
711
387
187
943
984
741
263
499
188
980
30
376
553
500
648
332
669
928
265
416
442
958
771
220
588
711
571
23
391
811
824
889
400
570
732
408
597
299
60
393
908
54
475
524
307
130
262
555
765
46
90
788
316
9
649
509
549
322
832
702
442
342
886
725
673
852
659
51
915
749
202
359
926
27
914
14
665
203
819
369
863
604
111
628
35
926
887
350
752
739
460
413
771
772
506
557
678
670
544
39
833
479
908
264
481
679
466
296
172
348
506
252
224
868
371
606
275
706
824
377
348
322
207
558
885
683
257
218
400
360
980
935
533
505
573
47
251
890
509
393
638
424
947
20
179
522
426
905
245
418
795
110
155
509
721
13
98
726
597
552
934
910
827
781
668
948
250
725
771
831
273
934
403
402
392
203
371
150
349
957
528
797
68
446
286
803
396
459
113
603
106
199
823
925
99
589
925
640
228
62
144
929
847
142
119
180
458
626
357
792
6
5
667
516
461
949
445
595
253
331
868
230
405
485
990
519
201
572
109
552
153
585
344
834
326
691
551
401
257
645
370
43
390
956
974
995
100
758
660
314
945
125
118
31
627
281
788
263
386
682
754
822
214
427
364
199
207
173
498
998
847
985
223
782
390
978
422
3
826
461
971
487
572
35
270
119
384
219
481
222
889
410
378
645
422
745
459
1000
854
715
669
140
212
673
320
997
258
773
198
653
328
945
516
189
109
879
609
475
789
518
292
558
834
747
622
191
554
669
646
658
525
340
261
256
647
577
890
283
284
777
654
145
394
909
412
910
159
705
23
163
74
939
980
455
982
41
696
310
14
194
850
404
150
666
63
134
545
690
433
872
285
933
414
104
375
38
627
468
979
82
252
560
961
192
526
686
609
438
1000
964
61
458
760
877
500
84
754
324
829
961
639
372
381
524
886
592
380
411
150
161
437
848
653
489
739
587
51
929
784
301
905
715
263
230
106
828
244
486
867
877
804
160
583
776
851
791
567
281
863
961
566
327
987
715
798
192
982
642
720
861
788
410
628
659
376
692
453
944
761
620
339
613
810
624
398
332
314
990
666
775
314
732
293
694
158
183
696
783
925
528
696
531
87
95
671
425
903
819
993
235
623
643
1000
405
379
191
333
165
714
520
861
148
912
237
313
160
125
452
519
838
478
134
105
178
131
93
416
703
289
800
304
128
181
35
148
883
154
506
19
346
966
771
630
404
40
407
608
464
7
164
247
185
846
586
173
691
791
138
631
612
179
540
776
651
847
123
323
534
448
14
428
875
657
159
478
110
152
110
141
362
530
639
34
556
512
823
973
709
420
668
556
503
238
609
428
286
829
959
108
3
540
831
907
26
580
984
161
656
80
443
532
455
212
115
241
310
164
92
93
724
646
235
244
116
864
49
734
796
863
94
972
17
621
128
485
180
409
470
162
621
818
904
812
690
570
399
646
360
322
96
769
874
297
238
368
129
285
553
129
963
467
197
912
630
588
273
418
827
413
46
148
985
122
547
494
186
92
308
962
466
296
66
893
30
670
229
414
536
95
682
807
108
571
201
747
164
159
621
675
788
454
716
206
935
52
241
85
780
228
147
249
395
682
682
52
998
674
191
831
94
499
53
746
331
46
459
664
950
693
959
76
722
869
810
22
968
541
280
701
337
771
470
692
227
576
342
406
444
433
13
393
878
365
388
357
814
726
169
968
799
595
87
980
909
627
665
58
231
659
896
725
902
564
633
812
790
22
338
858
708
189
735
718
101
676
26
38
110
847
813
687
784
358
991
551
926
784
89
312
818
329
845
355
318
817
136
406
663
769
985
232
335
949
976
110
318
360
318
399
857
333
262
752
290
356
791
975
361
639
93
332
596
689
566
683
634
831
278
564
384
12
630
117
768
150
226
552
250
830
846
404
550
472
481
876
798
959
206
566
830
727
238
429
164
46
947
837
908
996
126
898
484
167
829
648
554
984
657
639
984
440
959
307
572
436
462
663
421
744
40
498
266
862
731
413
282
142
479
264
362
764
818
975
942
3
349
152
831
456
795
180
458
253
47
302
418
184
444
826
677
403
139
616
300
901
683
339
555
106
854
247
675
25
688
263
525
314
539
538
827
590
803
416
2
682
490
469
169
47
546
235
527
603
451
261
768
487
603
61
106
32
966
405
96
663
395
850
245
738
816
378
674
27
667
466
473
162
34
645
450
360
286
860
412
990
447
546
99
630
507
252
613
474
541
927
317
440
159
433
884
511
67
775
666
335
647
296
784
955
615
733
181
267
114
164
991
335
872
746
56
728
308
107
163
367
89
426
701
577
884
275
109
246
152
791
682
175
255
561
721
304
392
369
3
992
898
390
796
495
927
316
981
685
946
24
620
280
666
116
809
107
594
183
931
825
607
875
120
746
787
488
37
282
410
151
858
878
233
385
563
657
969
542
899
656
432
36
397
638
6
573
613
978
93
959
145
672
256
404
490
406
741
728
287
489
564
758
423
754
861
97
308
162
781
508
886
144
402
823
890
812
290
965
469
120
171
958
146
824
502
71
896
549
282
243
887
596
215
630
606
437
37
54
281
796
525
88
117
645
156
653
795
411
389
646
555
861
689
917
236
637
478
658
383
554
270
736
364
694
37
337
564
737
796
216
379
600
437
181
519
977
764
498
192
64
861
194
909
311
48
945
918
576
763
831
951
603
377
474
296
404
406
525
129
869
916
181
462
601
173
716
277
606
637
752
854
92
24
676
247
734
811
296
794
832
518
904
417
815
661
190
257
154
333
671
767
877
200
521
394
423
715
376
706
914
487
722
109
989
111
627
811
506
222
68
583
970
862
848
374
92
501
244
185
646
279
728
955
349
629
154
608
595
548
560
193
821
248
382
899
673
721
961
664
766
982
189
65
964
989
27
413
731
785
504
267
711
345
375
219
606
716
41
645
631
296
447
61
187
917
745
298
340
241
208
765
889
950
423
565
50
297
336
736
335
125
762
263
116
285
663
513
953
296
649
66
543
290
684
328
487
246
692
622
653
669
155
402
145
859
160
942
503
415
151
754
945
740
406
486
659
350
263
349
731
11
345
41
112
314
888
632
293
234
540
921
797
579
395
694
532
502
371
346
426
808
274
477
530
640
540
600
266
88
148
471
541
38
928
94
72
452
788
152
740
267
544
184
373
511
648
626
651
353
599
20
218
830
593
797
443
234
246
91
806
439
319
238
166
282
678
880
902
765
912
704
464
119
485
111
485
4
829
812
476
357
506
251
495
389
966
663
490
209
9
623
705
324
386
792
99
974
336
917
616
907
853
562
412
193
799
933
224
24
642
612
488
784
983
17
788
635
799
356
592
952
402
521
388
269
482
462
136
994
232
847
617
876
949
523
231
572
894
816
413
109
93
982
874
927
6
731
95
861
156
181
206
375
660
108
402
57
184
674
245
109
342
102
549
651
808
255
77
223
942
594
773
447
434
362
849
26
538
450
395
528
284
252
350
868
580
738
995
220
468
468
130
151
845
10
709
618
588
163
382
642
965
482
61
675
218
691
251
158
149
406
380
799
329
42
36
864
727
929
12
98
426
253
782
500
103
472
226
922
177
585
436
558
644
464
630
366
754
506
990
934
295
167
550
76
125
616
965
261
670
850
798
466
167
185
868
514
711
723
925
116
714
168
637
129
818
121
763
498
961
969
305
322
278
26
426
411
197
63
215
792
256
182
992
269
765
177
810
381
882
585
300
194
511
894
6
545
786
777
273
317
383
132
330
422
214
158
119
607
393
770
249
821
118
952
304
280
540
602
515
749
652
231
157
520
901
59
490
677
707
7
799
709
1000
598
33
590
504
429
501
764
637
717
316
414
467
921
604
723
117
236
781
757
665
412
498
852
310
308
103
319
859
912
8
333
95
481
975
409
609
599
168
7
243
838
47
5
84
928
198
916
456
882
574
228
743
536
378
222
792
129
238
432
31
242
634
909
941
119
652
307
338
352
210
83
642
64
15
218
736
272
494
647
816
625
528
297
105
210
551
566
901
221
533
621
738
588
758
260
55
940
439
797
626
671
856
440
616
421
427
23
279
958
690
515
384
466
330
660
868
943
471
177
529
334
23
128
229
221
160
372
815
999
832
128
890
982
156
471
953
291
917
564
366
877
500
348
75
533
596
839
131
234
244
418
408
25
40
680
300
422
940
360
264
757
376
721
653
84
656
41
701
482
792
762
662
808
321
281
947
265
818
104
92
740
315
689
615
252
740
329
80
272
716
874
188
330
923
773
657
856
203
451
751
414
396
470
892
141
744
507
561
262
846
172
544
909
988
509
294
447
954
751
833
504
71
527
13
143
675
604
232
456
176
632
40
911
173
964
340
66
376
391
52
706
573
204
11
120
341
883
512
315
72
186
381
275
852
359
495
689
184
788
681
165
899
526
3
983
963
377
398
317
439
31
456
376
293
205
659
233
128
433
954
559
828
598
791
516
97
857
193
252
300
96
719
437
832
194
414
779
78
295
282
378
84
735
962
973
196
411
263
643
899
51
922
98
465
199
622
254
106
519
549
230
519
569
710
489
503
300
312
258
409
798
130
253
743
154
572
259
391
435
381
185
717
230
174
107
597
367
86
996
679
626
353
882
178
877
579
349
535
727
126
312
351
501
215
314
73
837
52
967
44
872
925
164
25
325
912
28
143
928
878
867
74
532
290
455
220
958
295
316
958
26
342
725
260
381
624
872
702
123
254
401
397
204
640
23
901
981
990
774
200
129
876
719
506
750
315
8
889
353
542
250
637
153
779
622
905
288
184
44
883
180
532
44
612
80
102
419
400
758
972
854
366
208
312
708
46
799
183
323
998
790
497
667
747
163
692
291
285
437
204
422
910
599
393
430
430
346
740
55
143
516
206
586
442
677
585
72
576
517
773
851
35
6
220
1000
258
655
699
533
796
876
651
365
872
58
438
246
677
424
329
217
682
106
704
802
405
429
657
511
736
476
935
742
393
858
723
72
137
961
887
541
137
203
684
963
42
154
2
535
185
49
90
479
810
162
286
781
336
164
435
816
703
96
682
857
117
928
108
436
289
96
761
323
524
545
444
331
660
706
475
93
951
854
353
557
964
730
400
760
652
810
90
341
901
891
117
52
947
586
964
539
295
664
804
226
254
275
612
197
917
166
791
971
627
802
438
486
395
462
385
737
705
169
376
979
798
163
797
378
302
498
367
543
747
250
534
274
793
100
263
126
519
259
844
42
550
771
170
858
212
790
262
865
669
949
848
788
289
323
145
893
127
500
932
846
353
575
864
264
409
393
692
735
307
873
278
533
587
217
421
593
445
320
558
819
374
209
373
74
976
862
853
950
159
917
931
909
711
39
158
965
804
718
46
9
932
812
725
980
50
572
236
20
605
17
143
33
283
324
450
305
877
938
33
880
747
169
588
581
139
130
568
741
164
224
598
90
440
777
703
704
730
827
995
55
965
902
781
827
788
424
941
113
698
520
506
165
173
975
384
172
114
631
75
142
49
526
344
625
579
730
304
501
430
186
524
974
898
888
728
724
354
204
941
476
320
777
756
12
915
148
332
251
920
773
134
621
922
189
998
446
903
701
436
645
385
365
589
342
740
808
261
677
734
164
161
548
298
818
329
986
388
229
64
283
66
271
761
109
109
163
65
171
823
753
620
536
527
143
869
422
500
908
995
716
82
434
231
397
778
159
154
995
505
610
576
684
685
313
342
486
273
227
428
704
852
328
615
200
583
745
585
703
197
251
50
679
447
439
999
597
41
434
497
125
306
215
742
996
335
977
978
113
596
852
735
299
191
710
841
804
984
363
617
191
650
158
76
15
944
504
243
878
86
849
122
527
455
989
164
357
826
117
610
680
564
709
17
833
329
310
1
911
286
443
826
367
406
857
392
678
607
820
671
264
863
935
978
30
261
180
457
145
553
108
219
509
618
770
490
134
631
675
416
537
955
510
968
600
758
262
215
576
68
832
745
265
37
545
426
234
504
389
406
236
967
674
29
11
905
121
718
53
266
752
955
590
7
405
412
713
967
321
293
656
514
511
969
59
881
610
711
615
49
108
369
243
103
910
987
51
62
465
625
986
319
863
108
862
593
5
457
373
234
865
34
971
836
14
714
293
95
357
172
796
698
375
638
478
872
551
284
717
38
107
629
452
524
90
186
392
384
460
217
589
420
621
86
440
356
80
12
481
893
746
364
85
773
576
934
657
563
288
599
4
645
85
883
482
182
748
351
568
993
125
58
315
543
716
689
509
970
872
504
801
975
643
193
47
725
171
634
55
198
137
783
811
794
855
185
595
737
675
974
945
164
256
401
994
234
722
434
353
803
449
149
986
14
761
96
885
502
686
553
474
746
577
152
768
305
96
559
165
789
108
17
364
976
878
604
336
465
344
351
537
691
19
803
219
422
355
895
876
43
619
959
357
168
811
132
245
310
703
737
368
913
44
409
294
715
519
640
559
708
165
130
264
520
106
409
291
318
507
467
192
638
82
135
841
265
132
948
192
713
446
876
564
992
394
144
282
347
34
380
275
122
843
389
100
850
879
455
70
713
614
762
438
18
651
608
444
533
103
163
831
423
237
583
664
166
7
408
445
522
879
306
828
73
932
687
639
288
791
52
927
745
459
794
272
36
351
305
410
387
902
970
181
737
699
246
510
549
655
288
269
640
270
413
645
473
938
709
784
970
919
802
228
81
999
825
240
164
282
425
325
253
987
148
985
648
413
477
587
292
238
693
887
974
366
22
129
203
455
978
372
373
714
820
301
392
1000
925
503
957
920
151
566
635
387
834
544
202
216
818
763
357
677
53
118
611
872
135
951
232
675
41
603
697
595
498
973
449
356
9
893
77
608
62
260
282
998
495
275
642
230
577
545
784
95
379
933
9
840
773
947
332
235
899
667
711
20
435
430
734
928
38
856
159
199
72
494
243
150
433
388
253
161
863
569
903
718
630
792
740
465
162
586
864
164
272
55
160
657
946
435
541
874
981
217
45
655
316
24
264
342
70
659
280
455
186
567
862
210
30
706
68
956
721
400
546
193
342
219
606
31
898
814
178
790
752
92
828
175
145
917
226
643
468
77
940
792
531
703
936
255
767
896
162
130
274
78
185
910
672
445
247
473
821
189
646
326
279
835
527
492
856
525
535
141
232
547
374
120
616
665
839
781
580
339
62
442
601
142
866
408
185
480
729
352
535
43
80
835
14
956
920
717
215
872
372
27
522
451
815
430
798
8
82
289
734
576
173
576
351
378
651
353
801
386
850
926
257
797
343
809
96
628
138
707
17
549
22
230
592
160
237
474
73
47
850
439
279
201
113
569
609
587
491
453
387
382
264
34
70
767
590
959
183
152
321
74
907
720
448
982
299
546
41
150
770
199
30
912
561
281
815
665
445
581
120
452
193
406
336
786
857
223
887
748
988
211
233
307
801
492
590
245
81
659
543
30
602
245
784
387
765
677
504
791
106
698
518
519
375
406
230
190
891
609
96
432
784
226
586
627
286
429
623
236
758
475
745
869
796
678
901
553
333
67
390
169
774
980
857
837
50
788
284
426
430
260
360
934
603
819
604
248
257
457
365
804
768
513
5
103
621
230
609
63
868
447
138
611
19
933
626
953
17
291
662
119
302
754
399
250
617
732
309
396
569
725
775
345
754
384
945
420
723
778
970
968
696
698
485
745
700
786
15
219
186
525
453
518
750
43
364
643
152
645
564
276
864
573
930
727
674
60
894
913
119
921
276
239
170
383
806
299
820
93
946
766
802
411
991
247
218
156
380
710
142
828
31
109
594
212
28
109
689
921
427
552
356
557
968
49
316
867
278
14
573
870
313
735
623
139
450
552
735
78
864
247
592
88
627
948
50
901
516
933
525
13
312
123
498
686
9
735
9
365
55
151
950
253
444
980
202
639
43
164
357
927
528
499
51
29
401
940
955
290
911
898
790
940
226
215
25
661
443
247
205
297
839
587
943
148
179
240
366
512
737
539
900
980
814
97
568
458
261
658
874
779
517
313
936
433
435
518
651
531
379
551
27
147
902
825
991
627
553
308
838
208
617
715
656
491
888
544
442
782
120
102
793
417
306
642
756
896
823
603
993
1
56
793
733
476
619
902
893
577
441
772
325
16
627
670
51
30
488
778
57
713
978
259
873
405
195
703
428
252
471
247
688
20
459
353
261
618
205
86
820
476
904
699
950
959
177
553
554
208
234
499
435
372
709
476
389
25
739
575
324
219
498
695
971
925
643
795
414
809
148
279
252
359
53
938
993
264
380
574
462
321
576
532
608
881
458
760
30
11
966
40
801
29
36
402
590
269
917
273
689
26
87
113
556
689
353
649
926
476
405
445
326
174
272
669
422
830
882
982
135
997
518
335
835
917
127
527
12
318
375
851
415
373
950
417
802
275
433
177
890
808
291
768
733
295
882
278
77
522
349
386
729
267
518
613
862
436
452
281
434
6
205
546
758
250
290
501
378
898
254
290
786
486
756
798
164
765
932
558
933
209
391
357
963
9
972
117
353
697
337
775
238
245
201
935
705
588
325
54
696
549
942
689
266
126
918
475
652
793
300
358
353
870
864
524
547
129
692
505
531
771
823
825
394
452
662
595
770
65
146
596
846
9
89
516
420
654
994
3
749
582
819
9
839
416
882
473
510
427
90
650
49
612
318
466
751
331
800
530
459
798
486
431
820
624
715
150
682
712
463
409
537
227
724
384
852
214
33
612
136
258
670
553
895
207
871
508
451
669
384
851
807
341
636
403
683
920
384
158
161
977
857
799
607
305
734
206
8
614
659
987
353
408
850
952
340
305
309
910
680
709
481
415
27
579
478
689
76
694
259
40
258
37
134
287
145
833
301
143
292
350
283
726
220
151
71
663
395
824
422
245
862
535
858
292
726
48
210
169
137
778
355
914
218
799
424
181
465
313
222
570
629
934
456
456
876
582
718
35
644
872
713
736
833
481
519
274
182
86
821
439
709
884
494
694
850
502
762
315
426
734
677
724
158
714
100
29
397
779
279
449
26
53
110
431
902
936
662
897
313
31
725
109
169
551
316
538
669
425
689
646
779
22
873
147
215
581
992
989
218
994
34
427
325
414
546
706
732
77
685
892
27
252
409
260
664
487
647
404
998
142
186
971
874
187
836
301
869
586
316
572
801
296
906
878
156
986
505
546
36
265
366
797
744
601
773
320
649
873
34
557
402
421
140
750
655
536
449
817
884
68
772
872
621
212
184
93
920
124
528
206
23
159
696
382
694
993
676
878
901
155
718
492
586
919
529
362
973
913
247
336
744
761
340
700
823
549
418
140
395
404
732
393
226
893
910
510
237
94
431
720
469
529
673
38
672
503
153
873
625
264
74
204
785
358
546
158
470
418
551
950
221
562
910
417
62
329
918
696
368
603
435
948
613
215
132
438
723
612
488
33
386
742
904
304
246
99
108
27
116
481
696
154
593
967
790
685
624
396
76
947
35
641
330
370
403
862
542
372
516
717
420
172
909
349
986
504
125
216
362
511
743
611
173
871
385
637
531
993
489
107
264
748
258
833
993
414
540
881
202
372
162
650
461
407
939
360
770
11
943
735
46
543
947
803
557
163
706
935
617
345
498
491
905
694
730
402
576
207
501
969
664
955
598
404
650
31
21
473
456
256
319
828
582
580
97
1
356
170
254
831
881
746
118
991
834
216
256
251
98
256
616
179
984
248
458
817
849
966
533
821
904
117
915
470
634
534
463
146
373
589
854
167
434
336
757
331
414
69
413
257
100
54
652
882
63
933
167
359
326
773
299
280
346
574
139
552
990
164
211
467
734
992
245
914
698
620
374
904
212
559
847
914
886
915
600
936
630
763
887
275
858
313
495
875
968
792
987
111
59
788
528
907
445
9
136
781
905
69
38
204
305
481
519
664
688
983
273
403
173
212
71
846
82
916
365
888
646
819
968
449
560
744
347
618
204
623
443
101
726
94
637
167
347
873
648
805
474
566
677
590
38
147
570
909
493
83
987
452
135
771
696
508
634
303
100
552
265
509
892
185
754
313
648
189
905
747
606
753
696
337
334
207
188
883
108
493
533
327
249
10
873
391
666
915
928
34
34
461
954
526
6
550
834
950
6
491
530
612
523
222
355
460
453
458
464
473
506
297
605
833
683
704
918
528
641
92
126
885
2
717
500
940
695
932
832
795
29
158
178
445
328
205
696
829
247
500
803
326
174
982
428
981
174
954
550
238
298
341
972
23
141
35
798
649
488
348
31
154
167
705
691
153
173
878
796
501
586
464
909
250
156
58
377
77
289
492
148
150
667
91
717
518
702
5
902
894
663
486
24
980
27
595
680
14
17
171
708
10
922
287
544
659
368
552
756
353
987
161
389
794
651
677
180
210
541
980
726
313
717
481
218
954
943
810
842
269
459
68
6
647
639
911
76
73
578
653
469
654
867
600
685
585
896
167
902
481
681
997
380
298
403
350
992
213
535
807
745
825
705
214
53
947
43
787
195
131
355
556
844
184
661
782
882
518
285
121
62
602
695
409
96
163
415
795
130
468
377
532
267
184
948
644
614
464
254
87
774
304
752
140
184
360
125
640
192
771
755
487
23
723
32
475
567
81
594
281
800
21
505
6
20
484
318
290
961
56
189
637
303
46
504
687
844
477
736
457
912
97
784
633
908
563
41
603
463
158
809
336
694
522
386
261
74
953
824
6
416
552
34
237
742
35
740
365
754
513
832
744
392
398
931
270
44
955
230
933
448
582
633
813
409
209
596
639
661
577
705
605
695
170
986
677
65
598
291
144
710
548
55
691
475
727
633
240
734
158
272
962
141
616
470
933
276
519
309
836
576
825
894
904
435
907
167
216
69
704
466
324
521
181
768
257
225
921
259
596
36
544
847
575
265
999
7
421
415
362
10
782
202
781
704
986
79
689
499
756
168
912
2
802
948
103
522
89
684
679
659
447
324
154
538
12
356
485
381
137
204
53
683
827
267
863
121
161
304
113
235
314
576
712
855
441
726
594
461
784
517
354
285
666
551
767
629
786
162
889
812
525
426
416
35
914
665
820
528
990
106
460
879
580
753
396
342
369
921
268
594
388
546
853
98
592
687
429
10
364
225
864
967
614
847
882
923
198
317
50
565
831
67
844
616
743
848
696
610
516
13
141
584
452
578
212
635
916
537
652
51
37
440
996
150
696
952
638
24
752
238
237
712
10
136
453
171
560
217
303
885
190
832
409
649
554
246
905
635
831
61
792
587
237
697
276
632
721
492
500
576
801
404
236
667
225
55
145
958
139
30
42
151
40
140
920
221
52
485
517
18
659
948
234
308
364
18
852
747
438
325
482
957
70
292
398
921
302
326
352
738
694
47
135
323
455
78
660
898
179
246
803
160
103
348
252
568
452
672
662
589
325
323
363
759
410
913
540
201
970
634
82
244
178
471
668
700
934
727
585
546
505
178
143
70
82
98
179
623
630
697
320
415
2
445
96
947
982
486
819
582
756
879
292
459
840
899
735
209
696
45
710
558
592
245
209
664
414
392
145
665
817
195
936
655
514
555
108
187
912
559
995
571
287
482
749
382
944
76
129
163
305
580
196
329
51
567
759
704
473
419
630
442
876
714
93
826
218
950
579
856
489
793
560
850
226
512
888
550
24
725
122
976
390
301
703
730
44
661
487
793
903
786
407
294
260
25
947
156
541
426
789
612
277
198
743
578
257
212
963
450
350
845
421
329
53
902
958
355
762
171
994
501
605
484
200
239
249
234
279
454
826
834
28
923
836
289
996
400
454
311
133
962
62
148
9
464
126
87
439
608
102
667
200
436
785
812
49
671
57
618
300
748
36
4
221
530
854
174
142
90
283
249
791
246
855
60
381
444
635
133
868
724
244
622
646
1000
145
511
450
584
467
711
87
864
138
754
799
167
965
816
812
203
401
42
571
171
717
207
464
74
956
17
2
205
202
944
696
775
911
120
308
720
849
212
557
179
248
866
514
401
748
210
342
552
157
557
716
126
598
562
577
592
256
699
726
380
362
58
445
768
371
305
28
858
719
92
786
908
161
653
729
314
844
548
876
922
744
502
117
439
106
819
936
146
828
176
507
330
161
495
39
545
888
87
722
527
937
182
545
235
164
14
49
17
240
771
511
719
729
304
988
404
990
88
511
601
306
278
570
477
186
795
61
431
634
220
226
798
600
217
457
28
625
506
154
533
455
766
715
349
579
605
907
967
419
136
554
483
408
874
264
18
995
32
851
727
202
563
819
759
797
897
578
634
982
578
551
206
118
215
268
593
157
166
431
105
948
422
334
499
429
903
392
99
876
278
445
25
104
812
115
38
826
290
449
751
895
486
253
903
15
807
761
684
486
917
842
879
979
344
859
787
407
326
675
237
969
627
964
92
178
95
40
841
109
680
421
460
674
455
148
856
421
330
120
234
848
823
160
920
539
340
95
399
684
596
66
857
998
942
425
541
378
716
875
768
537
293
566
828
7
112
773
952
855
708
428
334
761
664
967
419
889
666
835
784
565
725
960
216
471
681
941
659
436
602
586
177
301
345
979
491
529
326
549
27
8
541
87
940
790
639
709
273
638
791
509
25
453
319
199
541
440
19
319
502
30
132
829
319
530
612
759
172
91
587
58
488
665
66
229
554
555
400
433
227
355
509
255
451
569
679
86
826
591
651
572
3
333
413
354
643
206
609
355
740
838
919
528
752
159
204
878
669
131
980
889
114
119
427
364
737
8
167
16
313
655
340
32
233
608
80
402
68
465
575
406
233
125
491
469
678
461
907
259
317
707
387
272
97
308
742
212
192
646
163
768
393
338
769
758
504
676
963
582
540
585
47
556
18
185
561
492
764
29
246
423
12
35
55
717
95
58
430
618
212
948
223
398
634
27
725
795
258
852
929
865
228
958
168
622
258
632
846
969
250
515
728
245
127
62
670
606
88
810
483
143
279
603
198
15
990
811
81
116
166
483
285
371
852
286
613
180
136
117
834
780
311
180
632
264
444
897
500
76
488
44
501
309
780
344
36
512
9
740
872
709
880
104
84
343
842
514
910
366
388
383
554
896
886
330
17
575
290
941
163
841
651
645
440
896
771
208
75
61
288
195
528
942
793
516
269
914
867
431
110
451
283
518
264
879
634
293
539
887
242
483
147
645
945
516
485
142
77
184
757
541
404
206
689
852
782
18
310
485
172
890
632
850
109
743
166
847
394
574
283
757
57
111
260
985
383
515
387
231
222
756
855
249
443
107
343
571
682
429
606
34
811
927
129
920
641
804
562
478
790
681
521
583
147
944
984
724
122
98
735
832
811
530
71
730
435
164
797
724
454
632
398
67
476
646
878
121
756
366
826
156
767
534
275
916
184
7
777
460
666
247
340
494
213
64
46
860
943
104
44
509
554
143
346
633
281
464
872
135
345
482
390
387
459
815
965
171
63
744
193
816
35
509
328
40
23
451
505
82
238
714
244
542
609
265
860
554
434
620
151
949
847
522
955
68
407
363
137
213
560
468
687
812
996
617
861
176
111
883
205
536
6
982
725
949
568
380
658
365
362
457
597
230
861
558
108
432
765
587
940
351
618
133
677
43
58
695
209
430
904
972
710
499
396
953
872
138
44
333
144
48
222
621
264
533
164
740
829
686
714
282
232
613
649
558
452
851
557
995
796
504
342
913
205
851
617
447
8
778
441
673
955
532
400
247
215
682
919
99
438
271
309
584
235
998
111
473
955
471
309
557
813
683
597
741
612
562
618
131
405
673
915
578
216
215
340
757
69
988
780
63
609
154
488
970
177
942
314
313
597
275
816
805
393
938
166
391
981
850
951
613
241
532
689
912
48
167
493
530
575
716
608
7
564
540
243
511
454
493
620
966
488
35
35
544
419
462
614
965
57
917
571
210
472
641
571
694
923
419
407
870
746
676
850
235
134
185
89
719
309
49
525
382
957
606
315
170
544
92
444
696
501
116
608
912
86
730
288
175
823
752
678
512
969
173
790
107
285
613
355
555
860
574
281
778
370
828
124
129
547
842
449
862
76
749
692
697
289
788
524
697
743
525
663
47
50
333
41
135
104
805
575
664
263
283
297
385
469
907
994
616
867
109
979
127
335
205
60
385
325
582
732
589
936
551
117
902
797
684
583
51
737
826
353
817
551
617
207
579
297
411
864
810
690
116
156
75
572
228
857
194
341
946
809
584
433
904
196
364
52
125
301
921
443
432
24
816
765
821
718
397
895
737
876
176
437
124
890
330
396
13
190
950
599
141
779
105
537
897
650
504
957
313
412
84
10
878
80
98
101
268
773
511
593
491
778
313
682
488
990
421
961
511
777
583
769
723
697
541
524
930
80
550
843
751
727
980
735
528
199
954
216
536
12
678
43
418
696
828
26
768
871
125
897
136
255
216
327
302
41
387
506
715
588
312
419
209
840
365
364
689
949
796
144
368
427
52
516
419
963
90
971
3
196
380
791
196
123
100
161
997
319
803
212
202
886
901
442
954
39
779
256
54
871
956
469
461
775
207
442
516
766
558
169
588
328
855
88
87
606
97
337
623
52
286
521
533
157
67
208
455
610
380
60
75
339
439
557
202
103
197
129
246
646
657
896
659
603
41
761
627
621
932
880
677
707
113
4
859
507
799
237
765
440
388
94
60
649
521
3
75
590
851
730
991
911
602
57
329
29
677
660
396
894
491
162
788
485
899
30
99
934
230
896
313
430
632
828
551
928
335
425
851
379
613
146
403
892
901
896
926
13
326
757
460
545
835
343
495
779
757
800
972
996
952
496
1000
96
13
150
587
290
315
286
195
935
262
49
236
730
465
171
692
951
219
593
578
60
228
760
216
836
420
740
466
245
196
457
417
574
670
653
531
724
636
462
28
429
130
225
726
992
413
769
440
743
101
24
627
765
496
960
454
515
395
19
156
164
570
550
825
5
495
441
921
743
386
548
404
334
352
613
681
755
744
96
823
944
150
804
567
543
246
64
891
734
436
332
382
709
72
288
559
19
91
966
964
509
390
615
742
406
939
783
23
607
855
786
373
258
280
97
929
931
471
876
136
515
379
52
757
208
171
671
530
617
990
12
252
915
472
307
372
904
491
22
649
653
217
550
373
180
106
594
262
605
26
28
764
395
576
835
22
949
950
729
35
362
754
71
613
544
584
293
416
989
492
316
932
69
951
225
873
138
883
223
341
552
653
501
159
832
556
903
271
763
690
448
748
108
561
668
60
367
850
974
999
37
104
828
749
200
891
802
788
27
710
746
66
213
496
479
708
808
322
253
854
71
218
712
864
361
34
727
206
840
296
535
735
188
309
692
494
587
306
23
124
494
870
965
34
486
863
966
446
215
544
81
352
378
315
984
559
573
834
747
603
318
91
823
933
318
313
486
754
10
926
339
285
559
571
245
71
351
604
20
695
884
612
580
761
476
420
585
764
111
245
815
960
613
616
991
672
112
25
946
496
707
327
366
736
9
807
260
633
624
76
902
776
261
247
980
396
372
662
151
477
500
762
504
742
355
137
46
310
305
822
690
35
959
424
626
143
163
203
358
845
730
963
19
762
411
470
911
476
427
502
686
907
610
388
832
954
115
588
235
224
788
846
217
829
269
596
928
331
668
470
395
373
160
566
592
852
443
305
50
145
259
702
267
591
66
920
251
760
285
367
548
715
613
406
174
444
291
212
84
843
404
128
34
365
919
468
373
155
608
72
36
499
407
234
483
179
409
522
1000
610
687
203
213
66
185
483
934
404
727
491
274
838
990
383
978
195
785
965
162
611
848
390
944
599
702
303
215
187
838
894
908
894
526
70
359
826
204
804
126
325
550
684
79
169
456
687
572
876
2
160
112
879
355
725
232
70
514
870
989
67
557
239
973
155
787
807
260
179
902
473
516
263
601
333
616
492
217
350
669
107
514
309
693
758
174
991
802
481
93
366
824
640
434
223
615
999
588
303
72
496
94
470
935
654
471
724
337
658
867
160
366
326
271
972
686
113
720
442
926
682
519
246
344
224
368
573
892
70
992
515
410
429
142
403
880
835
366
496
588
61
413
972
732
832
149
136
304
491
661
907
566
733
519
43
369
13
865
707
98
776
344
31
806
3
44
813
419
542
293
394
202
359
339
896
525
526
310
378
386
408
860
425
720
326
736
33
418
882
384
373
696
769
562
589
944
718
766
483
48
765
775
126
77
50
990
463
916
940
718
21
248
396
659
706
614
106
487
171
111
89
854
899
275
14
305
378
168
525
427
913
291
988
596
493
404
531
486
392
405
722
769
637
866
688
599
135
414
283
47
411
1000
576
998
914
57
750
814
726
661
959
459
360
633
341
99
757
352
134
1
482
540
234
424
188
964
437
267
357
359
812
184
34
663
710
634
74
559
91
149
725
341
597
268
411
614
118
769
41
971
669
183
560
471
144
149
491
548
469
960
81
294
559
877
62
699
398
14
638
184
614
346
396
43
187
812
980
101
418
170
446
279
16
765
81
718
218
313
276
276
240
270
900
323
388
263
567
299
587
687
155
188
150
398
5
385
731
902
326
442
112
267
721
951
561
582
93
950
336
828
727
232
656
275
622
599
750
512
764
570
529
151
740
33
14
463
102
448
725
826
37
681
547
694
833
478
825
432
616
29
46
467
421
563
891
908
498
612
369
867
766
917
423
400
945
547
918
957
105
656
259
655
122
875
541
538
874
270
430
122
934
795
383
561
441
290
386
74
593
292
518
495
171
693
333
779
904
653
379
197
547
667
357
659
357
378
685
324
859
723
77
467
677
909
687
869
358
106
85
80
583
367
720
361
527
121
429
332
11
870
215
610
414
881
814
830
87
712
157
28
229
379
968
649
466
240
924
988
798
236
552
43
609
478
100
976
497
716
800
898
473
548
84
892
24
726
477
921
620
657
170
971
130
444
633
138
516
618
730
918
375
649
346
552
779
932
966
913
949
331
879
583
255
362
755
543
339
426
279
157
278
798
911
387
746
648
120
879
988
716
589
338
642
733
403
799
82
667
503
417
111
231
661
86
663
395
438
287
252
989
176
50
743
505
120
350
900
87
657
286
460
372
438
278
977
223
612
398
912
768
868
372
830
704
69
473
613
654
555
86
323
248
654
13
821
549
172
18
939
848
132
653
567
842
857
135
620
611
388
835
541
705
485
827
117
169
124
274
157
362
609
616
675
316
519
404
729
165
857
404
228
818
877
768
212
147
909
138
977
299
969
87
915
172
322
773
57
56
127
551
457
753
681
992
966
190
921
333
573
683
768
430
238
645
634
279
878
531
199
84
635
67
917
632
824
197
496
278
256
779
406
208
276
291
335
165
164
921
352
530
426
479
456
343
935
940
884
446
738
83
174
796
208
768
579
158
850
532
506
506
838
908
540
309
516
730
240
226
369
503
618
75
914
26
272
231
306
584
768
309
209
363
806
381
458
375
755
813
939
38
827
843
343
70
57
720
496
85
275
586
949
618
311
40
586
656
368
682
430
16
682
832
836
394
133
189
359
612
218
690
692
474
44
713
76
309
17
648
455
866
924
523
208
612
129
333
148
605
320
79
846
138
14
146
104
575
507
513
726
705
199
997
787
949
812
265
43
72
450
568
990
130
693
38
695
645
881
201
887
5
184
710
146
501
834
26
864
237
320
905
208
590
423
506
628
328
805
720
749
455
974
968
147
216
829
527
762
261
69
342
620
42
918
673
211
954
641
200
578
276
722
592
822
741
310
652
585
821
799
89
862
379
960
488
454
12
133
846
921
732
731
155
814
498
259
519
374
393
52
37
211
172
162
957
890
804
961
445
531
890
270
91
881
626
913
601
596
868
839
432
105
462
705
280
983
159
554
898
397
773
709
19
700
55
47
430
606
248
730
343
661
209
621
574
898
266
273
78
576
220
190
577
972
609
556
849
697
615
859
900
495
562
721
690
685
664
835
172
344
812
435
407
92
863
988
145
2
732
145
784
960
119
454
629
666
871
985
68
756
319
107
413
748
336
562
699
372
711
219
991
788
606
39
845
744
273
634
110
493
813
793
403
610
340
31
6
134
593
542
409
446
698
857
706
585
557
100
421
671
13
953
402
339
778
769
799
717
406
308
90
449
289
758
588
906
312
599
827
448
888
509
459
71
261
448
456
909
92
729
838
309
134
824
510
543
406
649
887
621
678
395
950
756
60
644
663
524
158
495
37
402
147
758
292
931
583
467
750
965
761
122
114
929
78
458
145
378
799
55
318
437
155
874
230
608
430
673
634
600
265
822
305
267
250
879
975
441
597
335
285
237
563
410
58
253
352
500
73
590
905
504
458
957
29
993
199
912
241
71
575
819
343
421
47
678
121
696
442
845
932
664
516
179
359
955
207
691
150
799
805
507
486
33
151
292
758
536
23
920
106
448
339
639
55
103
209
434
989
430
84
44
707
512
976
982
339
811
734
89
487
227
922
502
359
457
370
234
405
294
867
66
227
869
966
768
210
550
409
884
620
289
704
115
913
758
318
871
682
620
573
138
621
708
563
288
348
999
967
756
950
449
572
237
731
316
728
678
215
884
909
670
558
622
646
850
946
464
258
141
121
410
933
544
839
75
915
474
480
65
198
94
704
269
117
649
64
663
91
683
466
361
778
829
247
229
805
123
271
956
660
755
531
394
686
306
845
64
804
481
748
614
335
48
65
964
905
537
728
842
336
927
374
529
884
647
402
28
707
361
514
877
17
842
745
281
690
204
5
334
443
741
892
577
657
873
463
474
953
266
772
129
172
817
350
433
583
608
672
529
305
120
626
375
973
161
927
175
869
736
283
741
84
935
679
519
53
361
264
997
327
179
783
841
447
618
22
102
575
29
765
735
44
647
957
356
542
469
54
546
126
224
275
827
451
565
798
16
805
419
991
117
850
137
452
24
710
507
474
356
216
294
892
955
907
530
994
118
446
575
414
592
699
456
474
108
771
10
733
766
108
248
564
738
394
976
868
771
160
784
34
5
583
965
548
543
347
872
646
759
87
353
975
163
288
933
783
790
532
784
229
993
928
180
171
461
595
758
122
683
979
976
452
577
962
452
282
858
661
780
444
417
40
496
527
538
514
508
884
74
396
312
636
250
76
301
597
328
428
443
292
259
828
370
250
728
456
205
289
92
300
668
223
794
378
903
420
324
537
405
500
315
968
553
124
768
924
664
690
406
851
291
314
946
936
810
997
247
860
149
327
884
794
71
497
481
336
111
400
227
93
41
924
704
555
309
480
231
695
299
834
263
619
255
60
624
306
691
342
545
24
585
843
946
747
614
51
443
715
997
638
170
295
885
468
232
999
592
786
488
265
77
425
78
252
88
626
211
354
948
187
43
209
175
491
938
636
11
987
252
975
344
699
154
821
224
248
994
578
869
391
691
950
686
959
290
720
379
304
623
15
320
765
587
636
661
954
170
344
99
758
218
750
120
489
422
945
470
990
56
109
314
639
806
892
229
488
720
121
693
502
758
325
85
900
110
794
752
64
585
777
751
332
830
684
930
777
754
462
48
764
281
625
333
427
852
497
587
649
115
121
798
598
901
329
131
301
319
757
786
642
366
443
905
897
406
644
238
300
303
376
986
569
141
96
810
714
344
548
223
697
653
382
319
481
16
514
485
991
917
793
189
453
532
821
188
115
207
763
987
574
944
947
441
181
942
295
936
829
743
470
702
595
277
161
333
568
329
689
666
30
954
287
510
518
853
240
62
437
426
733
799
78
387
422
736
128
102
42
19
796
162
311
558
694
258
424
278
420
589
432
662
397
407
233
519
234
312
897
978
172
705
23
393
416
672
359
233
355
21
539
828
133
672
93
493
384
442
329
598
189
399
850
81
700
859
637
529
807
394
723
799
720
298
940
733
502
770
733
580
214
438
254
329
23
964
984
33
647
272
613
731
636
497
201
875
753
293
127
956
444
957
854
812
157
662
853
515
734
72
773
377
378
61
176
408
68
649
807
696
156
866
251
843
531
285
631
118
175
325
556
132
129
80
782
260
489
845
781
777
770
744
63
998
109
626
472
682
18
235
644
588
905
726
979
570
112
200
949
535
38
678
171
55
329
497
69
353
104
80
388
495
47
896
710
707
251
936
72
821
115
725
827
396
140
700
373
760
965
502
455
828
180
795
721
644
337
800
584
893
506
931
653
7
409
416
785
309
836
736
636
4
277
888
261
613
992
86
644
344
54
615
323
36
517
688
429
304
536
614
518
151
66
391
504
638
379
313
25
857
392
340
300
324
984
578
112
54
528
603
143
943
449
432
630
107
870
582
540
937
980
31
641
557
268
133
591
975
561
934
775
189
380
126
522
879
21
595
790
109
934
559
527
125
347
832
988
977
884
817
792
953
270
146
572
713
892
562
431
412
839
295
488
44
762
688
7
85
254
320
808
456
731
520
984
136
712
138
950
532
656
873
991
899
384
780
133
962
121
38
20
142
208
841
489
151
161
228
567
758
678
184
856
509
493
609
40
568
657
345
897
520
969
676
698
965
816
266
513
941
904
206
170
179
834
685
565
474
651
58
931
185
393
930
722
819
412
407
257
243
217
86
530
120
448
674
505
643
388
189
739
641
218
247
75
780
318
615
956
373
658
623
340
24
697
958
553
652
877
708
141
339
310
655
889
746
889
827
19
159
246
110
141
889
536
202
31
790
168
904
480
397
391
390
197
104
949
383
830
451
287
702
652
311
709
89
254
897
177
130
630
943
755
196
803
468
750
913
405
255
92
702
177
79
881
187
759
893
162
723
356
649
368
409
930
329
457
475
445
795
697
434
397
42
835
414
576
602
155
286
416
506
405
743
620
510
708
579
114
27
874
400
346
179
738
152
797
667
726
467
513
261
799
290
263
247
972
416
349
204
320
381
464
145
885
990
998
629
10
664
111
786
965
535
199
386
18
646
58
442
307
203
349
887
265
62
361
388
36
454
752
559
18
509
474
772
138
728
214
322
332
608
249
13
360
882
632
57
571
616
233
779
875
575
714
750
664
335
125
949
110
329
735
961
812
527
566
581
422
647
77
655
409
182
600
285
482
591
524
632
824
698
301
253
702
410
516
248
802
861
755
174
336
202
654
605
289
957
308
17
153
515
799
567
979
860
358
984
928
330
195
804
299
53
787
209
26
797
81
263
160
710
24
595
957
102
916
297
351
376
918
926
902
297
27
877
398
274
994
950
807
587
621
896
203
763
202
457
405
326
611
501
548
606
383
176
650
610
431
788
32
655
51
914
933
241
630
446
374
694
985
565
128
829
952
725
24
266
725
120
790
802
914
192
220
209
224
201
939
903
185
680
87
411
305
202
545
277
696
851
145
921
821
327
520
694
870
432
614
956
596
63
165
225
251
859
456
473
229
609
436
714
228
49
393
313
706
23
478
906
126
15
914
932
914
720
57
628
257
438
501
297
573
82
109
563
715
757
308
472
152
643
326
43
268
35
91
270
401
515
78
340
735
171
301
159
352
936
31
78
806
408
792
175
712
13
280
160
899
512
485
710
401
39
541
664
680
713
618
725
340
359
603
706
810
876
670
167
757
733
416
302
233
803
896
853
182
239
616
951
863
377
226
723
971
526
261
958
744
297
957
673
432
322
502
907
768
569
928
374
752
382
785
640
814
230
951
302
827
166
575
324
938
97
871
893
389
437
795
199
390
186
366
223
304
636
931
664
825
151
13
714
761
873
909
469
415
682
563
946
167
748
438
292
230
523
659
732
355
415
116
383
383
67
90
832
11
918
802
849
726
824
538
637
907
764
366
443
398
502
926
548
559
843
978
410
650
198
947
807
737
579
932
866
589
756
627
748
578
964
845
735
609
125
981
425
612
959
137
28
751
924
748
91
227
198
441
494
536
304
141
359
898
638
78
519
889
747
328
842
174
280
984
194
801
802
628
462
236
677
308
824
942
150
424
204
164
595
440
43
687
839
107
784
488
861
845
395
28
189
276
130
178
563
89
100
488
213
606
883
83
457
513
905
713
991
860
963
479
251
39
303
662
162
648
735
654
588
807
11
686
896
623
425
19
321
457
450
257
546
893
172
202
537
415
929
714
932
373
353
93
13
283
490
230
180
257
389
892
102
752
701
382
44
693
513
414
431
536
580
229
907
719
1
911
909
14
899
161
420
989
24
140
964
610
811
766
744
305
797
37
443
32
267
520
5
71
499
785
14
71
54
944
181
840
829
905
223
499
710
70
778
256
8
730
611
849
891
772
141
597
627
609
10
852
64
815
851
814
395
711
802
277
995
75
829
120
379
274
181
626
703
344
747
525
265
36
403
187
372
848
209
430
898
568
520
323
714
80
492
742
263
645
21
869
179
705
245
979
631
117
446
823
90
506
605
585
845
474
221
419
781
209
604
399
882
164
463
80
994
66
808
308
62
522
307
353
315
245
569
827
126
476
590
656
820
533
67
399
419
251
749
156
719
519
365
272
94
172
563
114
894
740
839
200
868
40
416
804
249
634
423
415
84
540
430
200
262
694
647
18
146
684
136
985
583
7
210
382
770
526
98
342
496
494
519
264
151
795
120
884
157
960
241
495
530
635
80
124
216
772
799
762
640
839
173
784
671
407
198
145
313
342
847
298
364
305
603
873
900
862
219
439
644
302
497
18
667
307
807
505
368
680
163
617
911
542
883
50
363
933
716
155
958
137
634
359
960
659
381
519
245
884
330
575
243
465
537
467
754
493
354
709
743
466
165
127
131
71
256
884
864
279
76
529
242
105
114
997
232
413
604
427
420
559
395
398
84
368
456
398
987
609
61
286
313
521
970
231
393
568
342
577
973
726
669
542
673
90
285
631
842
638
380
565
637
203
526
173
212
187
301
955
654
812
566
235
537
430
724
577
374
880
135
350
295
708
802
361
292
649
341
924
429
315
480
439
154
584
886
316
436
207
812
905
507
490
572
929
671
533
318
118
891
123
333
992
482
405
534
665
389
365
218
166
305
982
950
265
291
222
166
74
181
237
3
680
322
441
416
915
82
622
422
209
440
672
339
543
56
99
479
413
741
114
132
640
764
484
424
815
692
825
576
289
32
251
312
213
454
528
278
298
650
835
283
272
228
468
99
580
42
195
201
392
527
712
392
427
578
292
538
782
510
343
354
101
593
306
255
427
353
825
957
580
569
884
496
542
860
663
169
776
386
771
164
816
953
428
585
260
25
503
780
399
743
496
781
77
509
976
684
52
32
277
778
807
75
226
945
689
649
421
290
977
386
265
453
661
273
962
837
256
925
582
349
817
89
61
534
764
466
301
644
909
76
309
970
317
798
125
838
24
24
147
319
430
630
61
982
775
598
781
779
106
507
240
656
305
167
390
281
708
154
598
356
372
229
402
221
345
832
627
718
475
777
835
731
329
626
828
420
395
136
721
923
668
601
767
9
932
628
229
366
967
233
791
316
747
736
613
586
155
633
519
999
546
609
326
996
899
890
204
7
788
719
989
448
356
120
99
559
248
402
546
902
312
542
46
463
560
517
728
845
434
37
524
714
623
913
528
689
342
988
419
48
383
32
661
844
843
268
378
513
4
205
828
82
862
183
930
544
245
21
182
453
900
740
26
247
728
8
200
61
284
294
946
324
742
109
298
891
600
138
98
331
51
200
946
668
695
819
369
541
471
618
104
825
574
50
864
887
982
253
53
747
2
664
89
208
135
311
36
82
16
536
718
802
911
3
485
777
448
291
211
447
293
1
463
96
275
910
63
382
688
199
71
826
188
291
22
787
616
498
176
912
166
660
679
56
981
371
521
441
287
683
383
711
289
517
762
351
341
603
908
687
340
72
312
218
391
389
326
632
551
634
722
725
746
721
85
643
574
940
238
138
55
226
934
82
466
903
228
496
202
524
726
60
635
464
934
33
270
404
503
602
505
2
37
402
233
406
787
241
808
202
409
21
949
980
515
776
90
309
405
719
840
350
144
394
234
792
868
784
72
286
675
988
630
895
621
937
766
21
31
410
831
967
978
138
446
307
668
493
181
211
763
78
96
759
382
61
68
10
307
738
564
682
667
595
105
130
425
802
519
775
155
962
117
100
504
4
593
643
706
99
593
554
306
969
901
795
239
597
785
326
862
879
238
223
783
67
248
527
403
892
234
951
424
253
259
890
933
565
586
562
157
274
458
571
392
986
681
101
426
25
443
828
971
69
681
263
309
149
897
205
409
193
655
516
329
733
407
40
793
371
819
1
850
415
594
934
886
450
966
81
27
599
227
489
996
13
26
741
439
674
345
278
885
12
311
123
901
663
363
689
346
367
125
546
508
110
295
824
828
962
93
255
286
492
784
446
365
49
215
639
609
315
812
204
191
817
211
969
205
228
546
592
827
83
686
74
189
607
228
550
949
812
214
619
661
839
23
871
162
519
663
101
720
669
432
62
924
240
460
736
963
430
145
340
219
578
236
644
284
280
72
154
129
712
886
236
958
771
619
477
884
38
154
647
69
928
676
281
19
49
979
586
66
375
471
342
232
3
1
501
236
469
51
426
613
948
587
537
562
675
366
542
976
342
75
553
525
184
668
276
467
821
985
150
782
3
307
709
786
466
617
96
791
804
932
1000
935
632
381
153
866
696
770
918
485
64
30
296
275
741
692
93
406
747
21
903
484
357
857
303
746
493
963
210
309
478
731
3
30
268
880
391
196
823
715
299
773
758
542
102
161
451
561
958
169
955
55
565
383
392
401
957
539
175
164
450
558
880
677
148
187
40
51
342
331
867
935
936
552
781
866
912
438
59
547
774
861
231
26
917
425
299
237
101
192
341
824
846
37
280
77
825
370
858
561
678
268
921
51
278
951
142
598
980
435
256
673
904
540
743
454
442
28
185
874
949
573
783
970
184
624
795
207
723
936
301
273
123
362
834
428
623
289
113
110
767
96
697
57
166
977
374
229
546
884
341
204
719
37
550
131
460
551
249
287
968
768
456
657
743
275
278
190
496
754
147
185
657
613
121
220
974
306
659
923
721
167
702
747
88
713
460
462
511
470
132
913
415
870
475
181
779
592
152
953
202
143
417
193
34
121
875
181
766
811
839
945
672
503
260
705
251
262
234
531
485
955
689
491
308
14
11
688
612
634
819
526
121
201
539
330
722
506
624
594
866
365
281
826
47
652
594
330
241
216
28
733
82
208
715
724
894
259
869
937
625
895
772
777
302
453
805
960
577
274
899
610
122
154
63
350
763
411
999
687
61
507
53
202
708
820
434
947
970
56
627
537
169
595
342
528
486
118
337
407
860
152
306
194
713
117
130
447
92
915
459
950
262
576
479
93
108
283
742
24
913
619
275
663
481
730
310
949
988
45
402
407
10
455
74
848
617
685
727
960
368
48
155
984
881
14
124
897
668
140
663
9
150
907
820
541
318
409
957
868
501
500
630
800
192
481
794
419
448
830
702
159
430
869
502
376
481
307
117
216
999
730
323
965
252
943
889
110
718
319
234
112
193
392
378
870
146
830
579
891
227
39
591
667
384
337
519
142
154
226
280
795
676
62
822
505
607
334
361
839
585
193
370
712
343
858
777
774
888
564
836
832
995
753
145
146
952
877
322
387
252
539
829
901
779
266
81
576
142
322
175
684
290
731
115
876
94
881
337
64
119
811
710
862
114
646
795
639
226
449
10
921
655
739
149
254
260
198
597
46
675
787
756
385
263
968
764
825
435
435
437
65
489
629
563
183
548
890
393
286
832
992
262
348
53
553
97
920
769
470
683
373
8
398
733
161
283
804
603
117
601
159
930
365
907
128
127
824
843
21
298
474
240
846
585
373
142
86
587
133
544
813
45
926
467
590
209
178
853
855
562
876
298
293
746
124
59
22
109
170
160
386
122
145
537
696
653
853
774
635
934
917
486
316
163
721
132
207
905
678
69
45
76
655
450
628
742
237
860
967
436
125
985
375
46
56
422
142
363
310
402
396
767
906
245
756
345
372
377
135
228
237
911
272
8
816
779
985
591
978
504
743
485
559
679
762
712
594
274
645
519
163
593
745
819
667
674
457
400
89
886
825
432
483
440
197
841
932
737
920
574
485
155
496
431
523
750
936
382
812
360
293
69
996
10
92
821
740
270
686
847
976
252
261
318
523
532
316
98
518
144
543
206
66
726
877
953
512
887
282
362
690
15
495
458
648
877
888
184
485
144
581
845
21
648
991
186
611
629
727
231
342
911
456
97
738
314
509
954
445
212
575
20
662
560
114
11
109
6
253
764
924
180
928
216
972
802
541
42
846
206
930
735
745
790
388
282
696
30
651
202
769
467
101
529
482
512
261
673
243
980
441
559
84
560
855
690
254
709
962
46
22
476
609
470
783
410
523
432
803
589
356
70
243
973
381
874
605
792
431
1
383
399
19
456
988
602
90
453
546
367
376
67
557
488
28
787
354
199
853
624
637
255
404
955
441
583
537
835
780
410
964
519
62
215
551
286
611
934
936
559
989
676
536
650
372
566
254
309
975
315
789
96
833
35
992
150
853
245
88
43
710
447
663
542
92
391
157
481
320
849
271
364
442
74
947
513
517
959
144
455
18
538
549
368
217
885
810
5
134
793
1000
291
976
101
533
763
78
248
102
787
169
417
138
889
233
304
911
925
462
743
22
38
35
606
740
382
780
497
102
768
798
456
938
222
445
283
544
131
374
951
190
665
69
175
897
140
260
422
930
346
511
780
464
818
107
936
766
138
260
911
3
376
510
887
662
388
249
183
324
601
456
659
967
946
297
319
737
256
743
101
946
772
240
549
147
268
664
66
544
174
471
949
480
10
768
972
850
176
521
989
975
73
752
120
287
146
231
892
498
401
52
470
991
447
497
334
729
964
31
63
916
349
53
1000
751
995
826
246
197
818
407
651
241
928
16
60
585
266
843
859
344
147
960
886
334
789
716
884
431
164
398
250
88
437
555
158
766
745
991
165
317
633
118
588
923
316
514
114
922
43
741
514
309
851
273
1
43
833
249
288
257
577
788
815
268
65
574
220
322
923
316
472
919
938
432
130
779
4
804
847
706
65
101
288
481
428
489
888
917
940
401
997
864
674
315
580
196
741
8
821
586
905
98
936
793
788
1000
977
40
582
382
850
493
47
623
806
17
784
927
230
627
934
32
369
959
603
234
896
207
840
842
849
306
913
787
301
505
418
25
41
714
524
837
126
60
920
364
912
236
936
478
631
565
840
686
95
341
631
481
321
479
253
22
742
830
773
883
930
290
944
566
310
85
178
60
383
779
636
494
807
392
748
349
313
675
663
908
139
619
454
384
737
48
110
809
759
849
390
571
986
920
392
432
661
65
498
383
5
691
717
564
195
44
483
318
81
25
786
974
442
608
380
808
835
670
348
224
130
981
52
873
491
944
88
411
498
943
738
115
769
577
858
477
770
593
132
128
337
209
489
100
181
846
268
348
853
675
691
121
399
694
228
732
755
564
459
505
503
188
809
778
862
188
418
649
547
492
117
461
495
834
952
550
630
896
949
91
64
97
21
12
746
306
883
715
272
642
226
401
356
807
563
893
786
131
397
34
22
468
885
573
787
639
893
585
808
487
322
89
32
456
352
556
863
958
247
507
542
495
680
154
508
813
514
147
547
159
924
957
646
978
235
9
124
907
345
579
368
463
828
985
23
251
81
942
932
934
453
850
380
650
805
915
225
289
865
366
519
116
502
945
749
839
534
779
890
66
884
577
608
210
136
251
465
270
490
51
240
452
506
233
35
277
85
309
99
903
720
738
349
136
870
133
987
306
843
698
401
859
689
757
233
677
500
606
984
130
156
328
322
702
553
361
497
634
283
573
627
401
74
845
880
29
550
703
548
253
170
103
573
101
585
187
570
474
314
803
619
989
820
103
572
800
723
635
446
774
49
474
399
933
182
168
709
389
690
56
268
162
188
833
648
196
759
587
95
498
281
8
165
705
827
363
473
231
136
283
963
1000
315
123
225
354
370
666
158
352
230
724
476
930
20
986
865
337
971
665
461
682
34
474
529
344
133
421
441
646
716
844
608
907
610
720
630
963
78
301
496
877
735
112
825
932
689
97
636
703
183
945
904
206
880
675
128
980
877
454
871
556
554
418
898
596
477
147
833
640
391
908
82
326
213
375
629
216
697
460
146
146
404
608
777
970
290
793
17
131
732
15
698
305
461
306
832
302
204
604
405
587
396
792
709
369
32
334
276
379
873
806
772
404
518
102
127
327
735
957
364
642
569
635
726
752
274
904
509
3
3
5
998
915
592
473
467
385
220
163
146
336
211
912
948
920
117
662
547
123
380
995
437
431
577
764
597
368
781
882
496
360
865
640
212
51
792
34
552
250
606
57
205
168
316
833
175
911
44
453
291
824
807
734
253
81
519
430
210
203
846
894
665
802
144
180
752
715
539
893
284
970
64
720
930
609
682
842
760
491
748
37
624
711
818
955
42
118
36
8
27
926
65
441
276
760
67
239
411
707
751
636
527
561
187
730
356
595
931
112
702
229
838
641
833
216
664
885
257
236
985
498
770
934
715
15
933
691
986
815
836
918
703
763
52
22
889
258
655
344
5
142
44
20
788
195
966
663
416
218
470
169
683
312
516
796
368
934
402
761
659
354
193
367
638
993
762
421
442
963
365
601
688
410
58
486
230
177
110
163
797
993
404
497
257
818
979
212
946
983
435
267
334
182
181
599
256
427
375
751
981
1
727
761
345
604
703
829
126
617
649
980
381
19
729
465
417
421
197
932
60
438
561
166
401
831
659
899
246
350
138
230
121
881
46
543
880
595
446
813
507
57
477
393
777
840
229
790
379
412
357
60
169
165
325
447
185
600
915
111
37
379
896
101
537
986
951
460
690
851
654
395
700
394
563
620
312
969
849
377
946
881
225
827
229
163
713
126
661
195
897
728
384
980
693
410
738
574
183
939
948
160
306
677
655
479
181
80
54
913
669
637
508
168
38
91
270
779
757
351
828
364
265
50
639
289
829
254
166
767
598
424
556
694
462
376
487
444
45
912
155
954
486
397
890
613
917
872
210
325
703
283
736
15
744
602
773
802
3
720
106
57
400
771
33
230
536
784
897
755
623
668
718
981
111
536
472
306
308
898
888
385
387
365
467
389
88
287
574
491
139
907
731
625
3
666
14
502
123
583
309
839
69
86
271
415
759
607
545
847
774
940
868
20
683
11
730
241
56
769
156
824
879
943
306
525
902
382
637
997
245
764
736
209
361
664
432
948
477
169
371
959
201
745
71
695
318
682
967
488
333
978
606
676
373
666
27
535
442
345
363
933
370
627
934
461
222
5
805
5
474
296
87
986
323
215
745
917
398
726
449
133
785
109
893
856
972
45
671
514
990
141
86
260
239
208
979
808
429
693
828
95
410
58
248
438
129
344
48
837
989
726
437
274
486
712
658
387
106
348
358
15
572
942
757
298
737
846
416
472
271
308
370
679
701
920
730
765
927
77
661
89
133
24
590
782
592
838
708
190
438
58
679
399
263
166
417
761
738
708
491
772
765
967
44
419
170
958
162
252
71
683
64
464
343
694
48
677
193
394
572
408
331
913
451
203
187
180
589
684
25
953
757
362
375
44
369
253
425
94
37
712
496
967
709
640
291
35
567
361
28
506
534
76
147
462
84
511
641
884
621
805
506
842
87
148
877
385
686
569
976
357
714
883
21
878
56
385
150
77
173
645
949
499
889
18
614
331
184
941
228
750
948
781
560
582
912
723
150
355
976
196
960
772
733
329
68
786
617
156
759
897
428
193
299
835
419
92
704
864
486
112
225
757
817
786
477
243
873
961
980
353
174
840
334
121
822
350
740
144
85
177
110
634
258
893
90
393
494
867
178
829
507
865
70
741
44
387
956
463
911
10
164
823
175
17
209
62
351
651
167
688
534
205
844
197
975
335
728
861
304
935
970
523
601
21
625
507
517
849
819
935
894
294
943
463
148
804
33
372
937
409
494
649
123
272
924
590
900
611
355
926
674
100
63
530
930
337
24
123
294
161
398
170
991
647
996
948
160
44
149
266
245
80
500
159
776
730
747
319
924
483
349
83
657
288
689
536
152
453
38
646
253
59
246
510
296
889
124
709
433
471
528
87
310
536
571
598
744
550
212
856
921
304
262
210
388
720
937
812
883
307
393
751
126
890
771
800
58
785
585
687
672
116
958
715
32
616
871
257
549
579
546
217
927
312
196
777
523
380
338
932
381
292
97
662
48
171
907
620
411
562
529
734
251
953
879
629
788
547
750
998
324
203
453
624
651
457
790
200
275
968
343
767
185
803
336
229
500
183
279
32
344
860
337
181
783
701
234
645
66
268
961
366
141
520
579
654
710
694
923
865
343
832
194
978
593
170
549
140
847
168
904
217
606
999
110
613
417
278
220
718
331
644
121
48
444
965
355
790
946
765
717
484
246
508
827
345
579
354
593
38
974
37
512
386
176
235
280
656
562
980
420
60
234
506
854
280
88
156
525
217
669
498
49
52
382
15
200
937
638
165
597
103
716
760
8
694
158
363
749
765
10
137
965
190
319
56
209
359
10
743
220
16
836
172
315
450
552
193
833
744
726
964
623
888
737
253
285
671
478
589
85
316
16
340
979
424
507
206
70
689
548
323
467
31
362
580
801
45
363
997
280
700
506
946
465
969
81
851
111
494
592
407
159
229
980
119
783
667
698
630
677
890
700
528
842
587
296
190
81
58
45
885
255
264
594
844
521
208
730
289
320
734
742
116
578
928
60
215
304
645
247
223
362
70
221
200
349
581
175
646
554
313
661
768
935
768
711
904
49
430
858
631
649
945
849
640
325
602
997
223
663
517
509
379
246
486
20
246
97
967
814
266
108
828
13
519
192
173
939
345
554
321
133
543
375
848
602
393
941
104
518
59
487
661
699
577
740
396
264
274
280
562
813
9
706
862
308
606
962
355
361
450
405
28
870
482
74
988
29
96
38
39
750
73
422
708
931
957
617
650
562
778
483
843
488
942
698
202
881
410
543
648
203
493
267
815
457
161
469
710
58
484
941
625
528
518
306
556
34
315
942
203
597
453
989
771
529
388
397
574
149
702
792
5
917
577
370
363
283
763
941
852
583
8
569
375
622
271
152
147
465
700
981
37
840
655
91
941
953
876
432
186
670
689
909
907
483
92
339
270
740
721
340
249
743
226
82
460
33
95
729
144
75
499
976
335
58
967
534
2
984
910
527
721
86
440
55
700
813
203
498
981
32
215
610
418
881
42
831
194
528
657
979
333
732
56
732
538
390
728
462
895
374
185
90
362
614
628
670
630
436
421
490
41
726
621
91
87
87
178
381
735
550
649
655
275
984
293
79
751
584
785
861
686
608
933
468
566
689
837
836
297
507
546
872
825
339
98
605
755
285
28
639
834
226
292
447
733
175
689
349
454
640
955
698
533
657
224
793
325
673
379
714
118
36
896
706
281
622
81
578
33
629
222
736
163
834
883
859
669
407
264
809
889
840
6
314
60
832
278
995
154
437
515
10
416
139
759
546
330
752
236
992
834
242
711
321
239
280
113
256
698
976
146
652
851
966
408
590
581
40
214
558
65
446
165
862
376
591
151
546
526
219
364
586
565
242
672
44
742
213
273
311
582
12
731
345
134
51
666
71
783
540
189
620
386
170
723
101
207
210
966
997
388
104
41
423
760
292
600
303
243
591
28
776
756
743
199
447
989
525
860
398
956
315
397
600
835
243
961
736
873
726
336
526
291
999
102
305
20
148
532
874
450
203
55
958
670
100
542
732
338
480
27
989
424
792
945
98
869
760
889
242
284
950
766
461
828
915
629
842
435
986
629
243
83
630
688
502
486
457
713
627
655
834
156
624
114
298
25
602
583
529
256
173
575
886
468
246
855
280
716
82
26
624
249
314
103
902
473
212
657
105
617
943
733
511
851
827
686
221
455
512
624
849
544
449
710
605
559
912
71
330
489
325
24
864
95
863
366
473
254
707
286
906
706
640
37
343
182
841
136
664
93
440
753
354
563
906
442
21
232
113
129
901
58
698
958
893
431
347
847
557
266
315
948
949
366
946
223
496
483
76
247
703
410
320
621
281
54
317
563
124
42
778
717
82
803
478
526
644
15
544
608
956
341
769
505
293
401
602
166
730
567
382
875
151
360
800
176
322
292
46
775
307
340
398
598
558
347
537
478
539
299
649
629
408
28
189
784
14
954
869
584
631
465
524
153
70
432
529
702
236
160
354
108
745
229
703
544
336
669
864
464
386
896
702
955
760
57
88
932
149
469
544
216
316
82
556
289
967
15
349
296
898
217
856
760
908
488
588
639
553
149
300
418
620
648
863
529
497
829
265
33
891
723
305
242
410
188
529
389
316
97
480
318
485
444
575
896
367
837
798
173
206
520
50
543
249
265
318
646
142
532
369
189
322
640
42
270
547
187
869
526
879
105
925
79
601
309
183
98
191
842
694
460
387
532
15
938
398
754
258
130
762
289
723
565
500
927
535
93
673
855
64
406
171
69
424
920
937
707
109
634
223
646
418
162
805
340
520
221
506
969
350
923
88
185
703
684
77
176
899
614
656
802
426
793
176
813
555
385
13
583
898
805
257
474
415
750
983
573
203
928
128
143
806
992
366
573
207
756
454
620
693
48
145
295
997
525
45
177
226
692
568
238
671
890
769
229
223
780
838
460
993
486
711
610
83
537
316
107
461
863
6
51
926
951
584
945
450
356
884
961
694
601
623
859
726
228
811
110
148
948
214
245
201
193
266
245
20
997
6
687
82
617
892
431
237
853
693
424
905
193
355
615
393
743
365
273
889
88
129
808
305
46
652
544
320
390
307
293
126
38
525
41
47
572
845
407
163
846
105
151
379
387
894
296
56
846
301
857
36
104
515
704
117
622
905
996
39
466
757
406
263
747
582
190
822
103
963
588
550
912
551
58
992
906
107
290
331
524
311
669
406
195
69
86
598
458
207
261
955
965
447
797
572
234
560
213
747
802
593
411
932
694
141
375
346
615
415
622
200
736
432
694
714
146
95
113
869
217
576
310
810
13
922
436
287
249
914
717
306
585
645
784
768
262
660
555
996
243
492
6
723
282
797
356
23
799
404
875
270
282
269
780
131
233
36
886
868
753
420
809
745
636
766
522
170
340
252
555
55
486
181
331
976
668
789
650
110
448
425
528
125
428
767
1000
693
183
43
101
360
397
191
921
801
666
670
405
122
858
196
111
77
802
937
634
516
156
667
504
647
194
138
333
308
573
6
65
959
783
965
127
375
745
73
776
600
715
819
925
485
41
122
866
668
981
782
139
699
1000
549
668
941
348
158
302
924
333
371
898
612
297
840
544
104
556
698
393
190
658
561
92
987
237
466
88
6
597
841
514
189
111
682
996
154
318
958
700
641
501
803
556
653
183
287
658
762
950
228
298
635
29
231
865
861
884
159
21
191
831
755
18
566
113
256
757
360
761
588
834
226
519
701
363
237
268
457
215
409
788
162
38
567
955
819
160
851
188
488
647
537
210
102
399
572
77
631
629
23
299
335
416
838
624
792
576
746
468
542
639
687
768
40
668
847
43
880
105
24
576
580
951
980
770
636
952
6
426
865
774
254
18
626
890
149
526
632
757
477
129
985
936
522
829
163
576
843
694
537
735
953
603
644
730
218
620
201
479
776
800
418
264
253
427
870
450
474
574
402
45
553
283
104
217
516
94
226
686
530
310
187
750
336
991
122
256
662
874
907
600
134
872
370
968
296
450
148
498
414
644
555
415
117
934
232
767
38
365
59
350
848
609
795
565
832
234
192
102
163
256
458
925
657
843
618
483
610
532
668
695
126
269
58
737
668
505
908
181
131
134
215
68
974
704
47
367
480
322
73
79
828
699
916
164
487
899
296
791
562
309
15
90
218
923
410
589
409
192
939
782
982
266
489
531
986
519
317
476
468
673
221
500
507
918
567
593
100
818
299
284
159
569
502
30
449
987
256
395
975
170
73
25
771
926
502
43
625
68
886
428
213
428
40
139
86
555
338
568
47
994
679
494
131
963
594
394
359
931
884
610
71
366
122
21
219
147
121
230
559
310
354
114
352
424
579
925
247
697
820
409
426
866
192
579
908
320
872
396
80
885
644
305
814
153
989
197
101
972
348
591
781
920
898
522
809
473
536
748
340
911
807
764
859
638
467
763
776
949
214
410
134
71
424
854
18
564
162
783
692
935
403
656
196
904
829
880
117
62
536
948
462
460
138
366
311
587
408
828
365
791
118
19
662
600
897
596
181
21
109
428
755
353
913
655
387
786
275
236
218
926
383
253
511
51
700
930
335
412
269
713
347
755
364
416
936
312
743
973
952
605
481
77
909
635
502
713
67
274
596
623
909
191
660
181
321
256
114
474
678
518
671
960
965
731
69
440
622
345
804
586
806
268
484
530
113
201
723
952
399
187
453
465
666
177
989
922
665
586
775
632
322
283
774
100
748
347
970
484
38
29
273
333
105
316
550
829
707
20
584
367
901
658
198
568
737
177
49
50
182
335
751
785
24
376
208
910
559
964
38
808
998
458
722
622
419
82
751
761
874
950
279
812
281
987
985
846
171
436
411
118
476
767
837
648
659
858
988
830
543
284
71
450
872
959
372
620
376
990
992
239
28
644
387
832
393
156
338
294
751
104
874
115
767
885
305
875
3
53
139
758
619
802
510
232
354
937
338
233
999
539
336
619
988
258
361
200
462
308
575
606
259
401
375
830
372
250
36
620
96
19
703
47
580
783
244
334
434
658
525
558
41
589
274
552
825
95
369
557
468
473
753
638
1000
471
484
202
798
911
958
99
590
635
27
575
595
717
657
208
38
589
796
590
149
117
62
49
435
143
577
239
553
65
22
946
619
627
184
759
500
509
640
740
635
525
478
501
444
947
590
315
923
44
23
646
416
873
114
283
511
83
873
882
927
71
43
122
529
86
237
298
901
828
50
846
88
375
703
287
114
159
161
192
564
43
141
202
587
967
670
185
502
728
470
350
571
864
452
255
721
455
782
737
13
550
807
576
668
50
340
882
523
866
795
375
631
658
402
610
350
286
125
800
802
638
751
957
820
77
332
716
375
106
340
420
270
743
392
215
425
930
589
503
999
255
500
674
245
170
383
537
723
662
48
740
818
852
523
508
761
372
570
607
346
798
911
167
32
100
319
821
230
750
779
104
111
731
979
716
790
167
770
457
42
727
720
838
421
576
280
785
178
10
854
101
634
474
211
866
486
552
390
366
47
401
742
245
671
471
416
751
151
434
328
167
586
299
524
669
700
828
150
758
997
805
135
458
728
770
485
59
142
446
777
64
552
574
201
99
963
250
363
821
377
805
820
722
112
235
819
288
784
949
851
523
42
71
86
873
676
69
251
336
484
502
267
524
257
657
238
182
143
1000
788
837
819
547
891
191
45
747
13
29
986
790
98
785
415
244
422
219
694
653
792
623
784
958
147
836
681
253
811
264
698
824
326
276
13
43
815
80
439
93
713
25
584
877
671
656
553
459
278
350
994
417
85
532
186
604
330
581
853
889
591
531
177
228
754
358
271
704
219
848
577
845
781
94
181
218
374
776
91
667
118
439
200
969
683
87
512
835
507
483
209
553
500
800
283
771
613
560
905
151
35
295
145
568
623
870
695
750
365
768
170
829
984
292
929
832
668
977
622
606
585
243
798
938
1000
443
847
44
741
194
78
826
315
327
780
882
123
894
418
975
937
700
795
315
24
628
964
908
750
995
541
7
400
994
928
105
755
309
622
115
699
755
316
575
56
844
185
429
758
840
856
490
128
889
289
78
526
665
755
120
556
684
531
317
395
822
194
480
148
150
918
580
825
119
461
648
721
892
510
789
655
208
777
850
88
701
209
672
385
711
257
661
883
129
282
720
126
96
45
316
585
377
28
264
94
238
824
814
919
126
3
978
31
297
983
957
146
849
276
101
211
170
794
17
246
893
556
715
672
86
555
258
180
754
729
764
200
410
341
193
944
38
817
658
217
814
788
560
390
91
852
929
262
19
139
432
415
788
739
126
586
696
715
470
653
263
116
430
467
329
572
170
908
960
391
224
922
313
321
109
436
25
764
751
642
893
756
142
110
55
991
351
155
768
726
153
331
70
179
72
169
226
144
123
494
763
502
93
536
801
208
743
389
350
266
670
129
59
284
969
215
445
321
321
351
992
929
840
545
773
620
22
941
858
599
859
324
781
891
490
715
851
480
249
114
229
874
976
87
681
160
913
543
973
915
14
880
147
985
181
186
170
807
813
333
195
840
702
925
127
266
201
291
296
138
850
750
962
855
62
447
610
18
580
191
11
388
504
577
868
79
923
386
144
743
886
798
463
398
63
572
529
345
416
832
127
631
330
478
355
38
601
761
35
555
250
821
189
230
359
606
404
105
34
329
553
691
808
453
620
100
864
473
227
44
865
833
512
991
532
623
564
769
313
99
293
720
806
877
375
608
662
205
908
148
727
350
333
819
95
831
357
304
86
331
244
82
980
580
75
893
574
745
137
677
192
797
73
922
207
671
187
232
184
534
584
14
651
517
203
949
539
999
250
548
807
903
850
135
642
732
513
446
784
707
660
761
365
859
244
662
302
250
812
729
763
151
384
437
371
242
382
483
440
169
34
878
293
502
328
215
299
668
716
691
512
800
380
114
676
777
493
51
421
23
410
906
417
174
103
29
253
836
58
951
480
922
308
451
108
115
451
302
986
723
250
462
181
155
996
811
232
1
729
359
881
517
438
427
800
596
7
786
646
686
506
445
257
370
342
227
44
80
168
951
384
962
902
992
452
515
748
878
835
664
944
287
491
745
594
295
3
643
973
835
807
329
762
97
992
930
335
428
680
737
276
679
516
80
309
304
549
901
176
807
414
388
372
451
10
785
446
439
795
914
246
53
61
409
802
718
228
392
906
99
136
975
861
627
598
762
21
466
230
113
776
92
197
45
338
489
514
894
646
129
390
913
935
785
295
307
948
136
554
839
103
527
119
771
284
217
444
855
20
34
172
368
211
834
805
812
519
428
415
338
188
674
98
353
541
322
360
294
625
102
222
488
600
640
836
348
740
561
928
329
312
557
960
145
849
243
502
615
957
214
330
634
583
643
74
278
896
295
417
480
659
924
873
126
229
997
490
504
403
637
485
426
424
123
441
935
46
663
745
451
165
155
22
776
951
618
660
479
805
501
429
911
444
889
685
829
798
930
31
20
387
362
743
789
316
827
271
8
866
577
102
15
300
944
326
839
545
466
741
847
848
381
678
527
292
116
300
535
883
381
816
5
544
499
271
78
653
362
891
942
455
686
125
699
147
426
17
550
533
706
624
310
928
286
50
574
108
249
968
737
384
864
640
846
55
312
100
428
608
579
396
212
199
291
232
513
270
281
979
273
446
798
863
116
873
291
762
251
7
639
623
570
542
254
362
631
908
733
742
540
360
79
688
748
955
212
737
506
194
166
611
701
333
376
734
643
71
162
741
55
459
170
215
664
624
646
969
81
453
993
534
728
664
454
757
13
270
142
286
481
657
801
519
762
216
397
518
795
547
952
686
994
266
772
249
332
818
368
138
25
894
817
510
439
333
836
828
137
281
884
848
12
852
711
332
393
445
162
405
578
732
658
500
557
897
50
677
795
655
114
52
890
551
411
530
843
418
330
912
245
855
700
380
825
39
269
201
310
614
882
343
889
956
254
973
340
241
450
120
815
252
710
699
399
519
841
913
407
870
556
702
572
52
577
496
548
721
356
950
30
262
597
252
451
297
563
661
873
169
642
917
262
720
64
574
59
763
465
56
64
918
438
646
874
627
355
367
615
770
476
139
137
836
588
970
844
707
596
555
788
413
899
386
678
172
978
950
775
937
192
274
893
129
614
560
840
252
157
862
882
870
451
295
270
251
819
31
853
541
99
927
462
100
584
337
12
411
624
616
425
686
186
373
883
451
81
364
41
295
363
913
418
711
563
274
857
444
970
376
412
113
772
434
822
988
525
393
312
406
42
727
803
812
305
738
555
972
279
678
311
880
48
600
126
371
391
948
193
354
180
986
977
821
587
214
824
749
602
93
651
660
369
562
710
580
750
765
137
445
251
274
214
727
543
734
581
100
429
303
957
265
392
83
86
131
120
976
362
612
487
483
606
770
342
814
336
935
851
701
310
306
186
798
450
661
612
483
241
747
633
59
470
149
60
585
153
800
373
114
382
641
640
160
455
808
445
962
97
807
762
193
630
917
625
172
96
337
523
150
577
935
161
429
510
421
232
76
636
491
633
494
765
109
108
221
809
844
622
674
304
553
1000
735
709
200
640
958
144
75
519
404
365
671
242
32
331
387
942
728
787
700
477
408
567
377
238
275
508
939
440
17
47
107
137
502
569
518
40
316
606
107
688
168
490
390
936
440
396
357
534
297
246
725
65
975
36
626
438
360
833
112
511
676
469
122
652
872
418
30
764
122
778
458
273
14
526
113
445
841
72
272
565
236
678
366
295
909
361
17
926
904
469
599
11
785
555
180
861
75
964
525
408
904
757
710
641
486
817
208
575
369
394
873
397
151
898
127
924
397
190
183
839
236
457
367
434
119
900
788
572
143
490
633
195
291
230
132
15
183
823
443
135
129
611
228
341
369
210
101
569
653
517
37
851
245
678
889
844
299
990
358
214
312
478
415
224
364
912
818
322
264
182
268
541
881
825
409
275
376
534
509
172
95
620
238
913
945
75
812
522
246
100
760
417
153
282
914
588
578
792
624
898
806
9
566
723
683
842
946
342
982
253
601
763
241
635
405
151
38
370
510
786
911
377
228
817
245
732
702
801
384
812
989
358
482
253
645
906
908
562
610
572
815
260
348
101
689
403
343
430
891
381
697
511
299
416
854
353
7
988
902
106
314
853
664
341
325
345
972
694
612
412
378
215
9
988
140
253
891
302
846
210
388
807
667
247
483
367
573
271
471
569
194
861
162
532
69
33
264
634
540
657
238
300
798
88
429
275
99
438
504
118
9
297
245
425
852
224
165
313
727
183
455
402
70
297
152
745
262
971
248
828
73
961
176
864
696
692
32
782
158
961
854
753
132
6
291
394
149
393
499
862
737
137
447
692
326
797
691
869
227
249
369
913
56
927
554
845
521
84
194
171
656
35
92
804
171
16
546
789
907
375
588
307
814
35
601
916
120
502
817
216
612
730
110
430
821
502
982
419
697
542
21
272
982
983
34
125
684
572
992
709
692
112
939
308
813
510
934
53
87
686
446
880
507
511
752
524
219
217
98
301
457
469
924
138
738
580
390
896
965
232
119
48
158
838
261
734
763
666
70
19
57
295
542
420
486
994
701
418
83
172
832
780
316
874
64
911
552
975
26
708
745
167
929
529
285
456
833
554
695
3
302
122
63
862
540
937
3
254
442
301
894
846
798
697
694
832
691
633
392
183
732
879
253
315
344
882
649
520
136
856
957
781
142
883
547
284
166
560
702
273
655
788
121
714
432
632
602
420
896
440
119
211
254
506
626
585
615
333
984
692
662
993
269
834
540
956
978
311
69
341
761
533
182
470
74
91
883
486
591
307
979
180
488
789
95
186
738
389
602
288
309
534
686
310
655
782
33
402
962
943
638
146
207
779
263
35
413
10
52
827
150
737
71
520
710
22
371
47
647
422
35
27
251
464
294
233
675
477
932
361
849
448
613
841
527
570
521
500
324
289
204
174
112
488
58
672
998
897
996
145
953
446
733
55
127
570
92
702
527
980
71
677
822
384
201
277
745
417
901
313
261
890
479
793
560
19
885
385
54
191
786
581
688
988
144
707
755
107
448
968
977
397
380
489
458
824
410
964
91
161
298
3
980
506
551
345
942
738
157
959
76
703
641
985
280
1
124
724
520
645
548
743
756
774
658
553
531
949
885
83
28
870
99
993
586
967
460
17
1
281
275
423
904
168
368
82
592
942
455
807
969
871
897
381
192
420
235
362
871
940
228
258
199
981
911
129
530
359
456
592
739
704
694
61
52
453
589
405
553
396
996
722
867
544
876
735
161
973
159
475
226
400
780
454
453
991
292
368
264
418
705
879
367
183
244
107
112
171
259
226
819
755
966
229
188
181
119
730
299
646
942
770
59
153
832
570
436
891
724
349
102
406
834
43
407
994
871
203
796
633
562
37
805
262
818
599
45
799
336
825
183
708
907
794
955
611
310
495
712
381
192
944
272
836
894
496
123
140
762
53
145
20
356
529
706
190
328
309
916
638
710
389
435
951
414
31
343
235
745
733
58
66
742
295
782
661
780
51
323
290
913
157
467
467
110
417
340
659
475
271
637
449
868
251
575
336
552
691
743
925
611
315
41
646
964
833
67
149
193
550
447
668
751
940
751
508
270
659
582
387
494
779
252
990
284
784
535
816
842
441
908
702
592
459
449
823
398
16
327
630
456
827
325
447
730
282
171
884
381
325
905
936
973
754
697
605
628
50
250
311
953
255
364
247
767
28
323
737
967
772
528
966
188
154
488
634
141
57
837
789
325
312
618
683
602
72
974
715
639
655
964
89
255
689
610
804
50
421
635
531
710
53
697
119
31
153
522
457
688
420
930
152
241
495
143
31
58
139
821
200
534
971
175
349
35
388
72
599
800
746
331
981
69
968
71
290
225
271
481
182
147
860
308
668
930
762
181
463
675
537
292
264
194
242
153
685
904
509
351
434
689
759
934
191
42
915
342
456
934
352
179
622
494
388
143
172
609
68
902
589
748
579
80
553
145
26
219
461
923
273
994
958
532
43
397
267
15
784
331
245
670
501
235
493
376
897
210
188
285
308
348
507
249
637
115
959
220
708
903
656
766
97
684
82
47
68
935
790
153
903
219
551
692
735
351
238
980
896
527
933
111
789
943
220
560
694
578
894
695
795
557
224
748
90
428
203
535
710
368
627
892
414
573
641
934
213
944
464
658
190
538
687
125
799
955
900
580
330
98
227
117
944
452
357
145
953
940
167
210
106
79
277
561
371
330
719
424
591
106
929
941
659
160
377
630
110
835
794
376
577
62
291
827
44
593
384
493
542
651
254
871
184
303
930
15
69
669
573
784
718
913
422
393
651
921
90
260
207
830
859
883
711
68
901
500
871
867
215
324
73
23
37
188
876
267
587
125
184
754
543
476
390
477
198
992
832
908
750
922
717
974
734
815
379
637
715
137
396
195
720
912
826
358
943
958
861
483
730
324
912
374
409
948
508
796
89
911
918
188
213
662
90
274
193
968
278
638
713
333
16
106
385
718
531
442
365
925
348
864
895
551
80
348
467
145
400
42
820
761
541
842
28
466
800
479
59
656
64
76
29
796
266
478
7
37
360
150
482
431
197
493
199
675
223
281
769
534
823
148
150
995
138
609
774
501
139
592
888
305
940
737
282
641
268
611
801
329
261
311
239
564
676
792
55
809
700
494
112
506
166
606
332
550
668
478
327
339
171
530
379
710
219
400
917
845
491
449
47
46
714
876
492
299
154
132
847
399
23
368
453
460
353
427
297
469
373
260
795
120
776
906
452
293
871
381
816
473
172
446
745
710
303
544
327
15
710
261
621
214
769
270
400
973
926
747
619
896
639
703
899
834
986
550
935
832
3
439
718
773
573
650
461
755
370
43
763
30
310
304
494
500
415
574
764
774
117
517
825
567
552
438
427
705
939
924
718
856
709
351
93
805
278
445
195
665
113
366
287
834
561
578
814
662
504
613
652
238
662
142
371
45
494
822
851
507
955
766
481
522
824
738
482
180
36
921
280
849
471
687
988
570
166
962
252
783
950
119
947
331
409
73
571
373
174
404
579
300
816
862
753
514
510
569
63
796
326
434
140
441
436
344
413
3
14
809
644
176
665
671
591
342
777
459
186
698
991
388
177
66
315
377
958
778
842
555
36
281
528
405
877
562
677
270
238
720
561
909
145
96
358
74
150
540
60
580
752
209
627
639
449
652
898
822
28
876
881
918
932
9
855
637
223
574
728
405
637
755
29
471
99
760
478
439
325
935
178
83
318
529
730
249
444
308
709
696
781
138
320
272
930
802
839
483
131
839
690
227
831
439
795
207
442
306
662
27
929
225
744
342
116
392
271
495
973
974
960
781
113
741
864
924
387
145
536
967
565
518
791
136
75
743
150
889
702
945
90
528
416
779
214
867
538
325
712
328
910
492
171
350
404
308
787
380
122
286
954
851
811
829
862
28
350
282
499
263
309
132
700
876
717
754
826
842
951
241
356
230
415
72
307
893
911
528
330
646
843
978
720
857
75
237
994
190
850
3
881
267
501
894
173
996
437
859
690
183
630
86
285
958
649
897
6
270
300
600
360
706
371
771
686
608
881
36
933
924
559
123
84
612
588
758
648
744
238
76
671
343
998
82
868
490
806
631
240
159
441
13
948
519
117
237
437
506
767
946
742
444
799
92
958
274
200
858
656
382
679
200
980
720
822
430
841
175
995
506
961
612
534
492
215
79
940
621
435
210
618
833
495
226
306
792
175
890
533
76
350
577
302
378
240
744
508
565
357
802
430
289
601
631
298
780
983
714
995
841
717
523
299
217
694
571
368
53
624
565
598
233
153
890
312
298
604
597
437
374
836
797
846
443
234
784
846
645
976
701
619
772
108
110
980
43
445
986
652
371
963
705
386
903
658
177
787
646
603
393
924
216
654
284
985
244
763
806
543
729
584
832
248
752
39
619
916
670
275
895
292
717
143
328
654
406
549
189
650
91
526
449
396
718
986
986
460
122
749
425
517
295
850
596
939
125
64
969
432
132
807
473
920
495
917
292
835
278
694
260
653
331
62
213
894
752
358
232
704
646
294
704
68
806
292
193
666
926
507
617
254
795
935
629
444
797
838
378
654
174
975
103
938
29
574
382
166
450
267
485
709
680
645
361
146
866
938
973
853
659
624
434
906
891
357
335
61
766
787
949
183
70
720
307
256
133
736
266
119
426
697
728
536
202
116
872
974
868
393
846
511
428
656
1
579
526
785
934
451
379
567
677
839
487
383
726
459
943
876
724
969
937
801
654
349
259
780
101
192
679
140
808
324
801
364
574
366
653
363
882
718
511
98
826
259
964
861
625
147
5
402
70
578
394
33
684
685
815
956
102
164
835
500
537
639
229
536
41
25
167
516
476
746
513
988
631
682
441
241
6
826
950
100
68
726
637
465
309
876
591
302
519
295
370
638
371
828
409
368
344
898
696
408
794
369
86
642
174
299
51
981
31
828
670
736
394
282
133
529
407
312
684
836
825
55
96
191
912
968
455
465
21
921
135
234
342
370
656
919
422
506
12
455
524
511
111
114
954
309
55
257
906
702
700
959
434
971
293
138
735
205
666
563
715
958
542
121
766
87
865
776
185
773
854
58
227
206
682
274
706
768
719
961
161
257
62
294
750
392
932
433
235
750
418
397
558
826
567
48
488
841
611
36
124
777
293
718
377
642
760
76
599
433
656
893
811
390
230
298
47
89
708
928
716
616
594
255
601
209
301
993
22
772
730
280
595
313
257
283
621
907
167
725
255
510
92
734
640
134
916
524
53
896
278
278
763
136
588
639
161
944
711
282
651
12
369
527
169
712
159
71
403
700
667
532
791
302
540
993
594
792
67
863
295
419
952
842
149
364
982
755
771
634
467
969
311
688
887
82
911
624
284
139
164
904
545
723
753
657
533
972
751
437
37
583
52
127
839
424
880
828
956
268
233
529
754
171
845
655
914
53
581
54
688
354
422
538
788
203
125
647
572
478
156
381
833
998
785
284
438
784
632
231
991
139
883
482
797
853
562
293
656
909
270
632
190
598
924
448
622
878
239
590
127
688
513
654
470
984
339
830
47
580
214
686
163
283
93
152
325
1000
370
406
97
237
840
565
419
57
26
757
463
152
702
694
256
908
692
541
248
54
782
909
215
670
227
507
791
13
186
930
787
107
220
642
873
287
670
62
664
549
679
195
923
96
590
270
782
807
867
278
598
146
509
203
955
988
312
269
349
661
286
145
84
793
365
241
477
439
878
468
233
362
908
149
657
444
791
788
936
494
157
239
214
737
873
273
818
67
428
420
496
684
895
373
615
830
685
965
787
173
927
290
539
90
824
671
646
673
509
798
72
449
318
273
466
925
900
835
843
20
292
825
211
823
325
3
488
292
370
584
668
415
172
134
985
876
702
870
509
427
434
894
512
480
285
50
733
777
602
65
150
631
834
307
814
502
196
415
945
33
577
605
654
924
895
483
345
603
134
777
90
204
138
387
212
633
994
785
276
34
580
256
212
241
508
190
873
177
908
715
468
292
851
102
174
191
450
659
691
604
29
998
256
532
219
465
955
666
852
471
979
467
248
177
958
924
408
202
242
763
218
469
805
452
777
616
135
921
986
987
845
245
92
867
233
728
389
141
586
235
529
163
183
14
909
539
1
461
490
657
489
399
254
329
158
480
312
509
985
256
965
586
656
831
698
35
313
688
3
248
704
639
330
285
799
508
855
949
776
591
659
998
219
271
740
787
776
915
259
806
176
351
79
878
140
984
112
485
855
159
826
765
118
2
697
489
32
721
850
777
972
709
372
445
271
360
64
161
269
920
680
237
899
197
280
686
50
268
643
570
751
115
847
689
650
351
3
293
177
308
971
84
489
368
539
326
204
164
479
797
149
823
168
982
770
943
323
816
389
421
129
324
75
94
41
206
127
782
88
683
280
520
112
529
790
706
53
568
387
348
581
439
962
510
314
92
507
947
454
174
750
584
282
614
1
991
867
2
286
353
601
317
384
505
886
112
370
856
593
360
3
249
378
469
853
62
528
16
547
125
648
423
310
22
32
254
827
304
300
821
128
358
487
225
878
392
271
198
830
198
835
946
509
282
659
956
160
970
933
61
43
129
825
270
612
597
749
596
816
303
963
608
525
800
916
72
692
936
877
787
332
389
262
439
52
390
624
426
950
603
290
373
609
280
919
661
165
786
464
66
887
827
973
754
561
15
290
420
608
187
375
426
221
496
575
54
904
602
551
956
917
414
409
865
657
286
530
274
988
545
967
289
301
830
147
860
338
292
815
254
921
688
712
744
612
338
288
878
645
490
204
161
158
278
11
688
814
770
128
456
941
985
687
810
277
282
793
729
161
788
531
920
728
152
37
836
236
858
917
209
754
706
895
887
214
102
136
354
968
517
972
398
997
694
755
85
761
755
101
287
206
434
940
330
384
868
7
886
667
678
676
34
163
189
264
193
278
208
587
278
719
912
452
509
170
283
678
917
214
294
750
750
906
241
304
204
902
332
596
973
504
712
140
208
716
181
710
479
108
606
786
752
932
821
962
634
417
73
601
944
238
221
133
240
983
89
769
672
127
213
458
738
928
106
649
725
281
798
506
477
907
280
56
381
936
687
957
92
324
490
728
453
763
335
12
535
528
927
902
437
923
576
285
285
939
947
332
432
11
504
357
885
104
46
870
307
735
151
460
13
182
411
277
485
245
796
28
681
558
305
832
142
413
884
142
133
682
954
380
87
939
454
386
43
655
324
485
641
646
973
255
83
191
697
31
868
198
746
58
1
592
161
241
796
323
469
929
867
566
309
635
923
71
509
799
505
551
918
320
138
338
149
609
493
153
709
302
987
960
731
15
26
288
63
971
758
507
387
866
526
164
477
614
782
27
259
852
664
525
753
445
470
529
320
98
871
570
928
134
435
993
613
877
650
869
179
17
642
970
496
867
44
412
27
276
971
640
634
810
738
222
86
897
653
108
611
771
171
668
288
236
954
810
766
707
977
215
286
198
309
623
167
3
784
349
932
426
822
841
238
715
714
969
800
300
609
419
584
113
630
866
745
731
911
491
1
56
395
132
162
907
87
688
338
356
31
972
754
930
249
237
920
718
752
734
153
153
97
531
413
370
725
998
105
3
984
759
556
228
60
377
157
151
523
945
959
234
281
926
780
272
121
399
146
80
277
533
28
54
204
19
601
331
570
812
439
696
394
305
727
999
991
72
215
729
191
770
904
421
88
138
507
195
340
248
460
327
782
602
250
549
630
167
176
109
137
549
719
560
28
186
682
809
79
426
332
673
696
74
33
675
767
883
559
832
560
18
751
131
960
762
162
936
111
391
66
835
943
52
937
698
657
485
114
96
337
320
871
802
111
61
176
133
834
734
136
117
819
520
480
749
870
599
983
489
844
60
876
486
330
141
906
541
555
388
913
412
658
740
250
426
989
407
656
42
962
978
995
119
708
212
530
31
31
627
947
830
337
62
141
376
703
633
626
898
157
404
636
907
493
966
939
537
714
765
874
367
947
516
406
868
684
718
816
178
683
163
233
365
955
573
792
759
852
429
33
180
693
635
740
351
213
815
70
224
105
320
499
237
793
21
617
912
254
919
734
149
661
998
669
696
720
447
278
29
453
293
470
451
770
562
832
228
229
578
187
930
814
429
230
643
923
213
138
982
713
892
254
225
457
146
636
623
810
276
327
222
948
947
52
635
895
984
571
177
393
696
709
465
977
543
874
809
79
418
888
872
310
230
449
376
653
30
80
107
565
938
255
306
811
57
447
564
817
541
298
68
625
843
586
362
264
930
878
219
350
695
110
948
75
583
564
37
764
962
139
991
142
564
23
352
34
473
454
727
513
990
253
185
513
78
16
50
678
325
73
832
556
806
798
603
812
660
987
398
178
543
493
901
792
449
328
114
350
748
303
307
79
371
814
705
536
729
118
600
65
290
676
39
240
760
171
351
307
575
277
558
454
99
663
163
557
790
433
769
621
512
887
253
255
868
253
207
337
508
728
365
1
257
413
287
33
535
909
505
955
992
375
39
951
550
887
349
190
753
480
998
777
215
392
645
594
709
454
27
70
470
356
45
604
641
53
918
262
553
800
704
466
352
740
105
85
421
394
847
21
239
543
603
155
95
304
853
347
793
5
167
122
792
605
767
679
913
476
601
885
647
452
556
205
423
177
984
63
406
758
479
130
138
787
170
483
699
566
866
82
876
684
164
296
697
454
524
58
250
938
659
330
588
778
795
662
119
260
949
517
652
685
927
354
926
259
224
16
653
264
107
696
313
953
366
52
252
516
234
275
780
14
220
390
830
7
626
930
131
773
623
418
313
100
930
849
750
476
553
662
847
847
61
171
298
720
315
145
976
672
880
925
281
807
887
170
391
798
632
248
171
787
631
378
68
484
394
512
297
479
725
851
620
438
892
240
441
797
983
574
413
349
935
36
648
720
941
980
864
707
302
793
961
980
966
628
7
591
294
574
19
389
427
375
142
442
234
969
176
143
788
329
92
766
387
258
738
341
594
459
143
137
334
68
264
467
208
141
76
134
351
657
919
962
330
564
736
571
749
95
105
335
216
171
198
580
700
994
452
609
478
205
640
414
769
64
922
679
877
515
334
958
571
246
673
716
998
3
24
911
137
964
805
82
921
385
469
173
381
478
594
509
268
815
84
198
810
436
237
634
675
311
481
96
132
850
135
503
90
119
237
420
565
803
947
93
15
355
169
120
349
1
919
882
897
275
523
116
387
354
300
469
22
827
714
728
644
67
490
596
958
659
173
671
10
270
591
589
986
502
228
638
678
427
975
689
972
60
734
942
203
496
478
805
31
389
519
616
813
268
288
354
390
80
991
388
622
837
13
250
752
1
765
839
450
156
677
116
183
2
393
301
936
986
963
971
548
314
486
249
426
690
209
795
336
590
643
918
385
585
718
660
455
258
753
804
315
52
134
144
997
16
906
651
349
549
923
695
497
600
690
995
746
176
635
481
327
464
413
932
735
316
861
675
406
549
388
40
314
385
15
725
84
568
920
508
378
349
998
86
651
475
455
31
572
151
699
230
385
269
105
78
611
181
93
687
353
409
345
655
154
128
406
505
316
676
223
557
539
519
977
702
44
149
20
381
513
875
673
630
514
471
204
559
938
444
6
131
313
7
365
95
64
324
888
952
481
245
71
278
606
706
238
90
652
879
268
30
588
293
125
433
582
754
304
718
229
137
47
346
854
755
242
871
844
290
72
96
468
781
123
63
793
360
176
179
358
699
371
583
846
928
381
243
532
922
941
412
311
942
603
175
316
333
412
581
178
229
58
183
362
984
159
38
293
116
291
417
978
76
976
624
813
687
197
577
479
424
610
515
150
500
338
682
793
406
123
106
359
701
80
424
119
658
603
566
949
415
854
483
701
317
141
926
530
186
199
209
225
798
843
281
1000
523
849
685
874
81
39
758
511
82
937
648
387
632
34
53
443
692
630
948
548
549
781
736
200
576
201
745
941
509
908
993
961
755
261
2
219
439
842
185
547
266
920
760
440
778
454
617
526
554
90
996
427
461
697
966
464
494
311
899
872
211
261
850
24
518
453
473
181
411
164
854
135
668
731
572
94
260
519
83
738
32
355
530
225
623
817
235
746
31
476
46
481
257
511
960
606
125
66
588
633
328
154
25
844
422
856
792
978
910
661
791
626
298
353
670
854
161
278
55
534
719
497
30
751
966
314
648
747
43
215
132
562
99
399
725
632
915
307
349
206
282
17
328
85
738
17
243
201
302
931
262
975
400
880
571
788
368
279
889
632
759
405
918
462
986
874
833
844
80
338
624
935
565
270
399
583
56
634
684
945
481
210
896
570
980
592
123
252
77
665
680
499
78
550
82
325
20
30
991
568
892
893
693
185
102
90
108
298
444
784
315
247
881
346
634
224
492
643
939
813
581
622
52
806
216
256
898
610
707
997
524
599
596
626
604
752
572
848
569
999
680
779
346
286
341
221
446
848
263
114
337
749
459
130
888
659
561
908
296
58
263
787
312
925
954
882
238
563
519
979
189
617
731
468
824
74
274
242
365
194
287
346
740
290
228
835
479
257
470
700
524
527
525
186
220
277
250
417
404
502
437
304
456
117
476
972
675
202
85
907
951
342
585
246
206
382
19
869
128
185
792
950
434
634
841
84
402
234
640
958
96
967
397
64
212
867
423
22
921
568
457
509
339
272
683
92
206
151
61
506
242
992
602
811
881
372
566
365
149
527
914
123
776
669
898
374
519
746
135
266
286
987
719
795
439
596
744
945
991
249
335
608
177
22
835
396
178
459
720
915
97
439
995
320
538
646
275
753
508
893
838
451
853
375
989
961
64
182
503
499
442
447
427
521
196
156
73
601
730
40
227
637
410
652
272
552
517
197
80
537
185
672
41
561
878
663
47
507
316
1000
162
849
196
66
780
866
757
259
942
695
992
107
37
367
228
387
299
109
327
482
573
942
572
607
558
644
114
779
831
421
738
960
385
757
713
800
226
82
429
504
706
494
275
494
604
839
397
167
778
58
215
242
490
405
252
423
381
74
656
34
211
230
443
25
558
371
708
581
428
338
202
680
258
78
592
391
267
522
602
205
693
770
283
763
185
153
379
268
472
306
193
228
399
582
928
776
84
860
471
901
64
823
314
723
468
932
268
955
832
648
219
594
531
482
922
906
591
838
559
662
302
828
500
317
866
430
625
571
219
391
82
149
748
387
432
522
843
396
212
608
416
258
130
486
801
503
216
274
557
281
610
5
416
658
865
370
737
149
586
958
807
398
991
584
534
754
619
536
792
484
576
704
966
2
933
250
57
65
322
10
71
643
668
949
526
347
253
477
526
717
357
222
427
831
391
239
962
804
147
873
130
126
351
92
156
323
575
25
111
551
23
541
952
888
175
316
61
308
176
75
296
664
591
454
79
248
811
614
242
347
483
193
354
738
891
173
951
338
880
517
635
534
384
245
193
934
644
644
223
466
653
863
411
325
42
532
376
566
552
99
608
15
875
709
802
623
540
645
188
545
31
826
145
701
969
553
186
63
896
285
348
448
245
511
515
74
337
227
94
384
114
299
431
128
52
474
988
461
111
435
187
93
492
988
896
98
700
143
926
229
524
346
773
302
805
22
163
134
347
346
672
999
655
965
270
306
177
692
599
837
973
91
466
75
758
351
707
208
808
411
374
240
176
750
954
638
159
668
142
668
765
906
366
80
501
318
556
801
811
364
31
543
3
315
1
595
724
502
950
351
544
129
713
556
242
707
138
283
665
923
101
984
320
416
19
233
436
439
749
78
28
554
91
725
515
796
448
697
323
436
416
326
333
987
72
529
745
417
308
651
719
741
902
154
967
181
188
189
126
77
718
310
430
802
822
821
777
104
589
603
163
656
222
539
517
266
955
219
349
608
151
17
691
135
577
781
21
327
53
642
552
941
10
674
726
915
907
458
298
87
876
379
735
151
58
451
881
161
28
477
742
668
965
914
540
945
82
919
789
503
455
574
337
205
407
559
96
779
691
160
157
261
240
662
237
248
67
412
47
818
884
407
480
205
266
892
330
190
150
886
244
515
592
342
215
64
208
162
828
742
213
906
637
183
113
572
722
140
778
430
665
240
657
521
6
488
199
857
735
933
333
272
671
124
14
590
606
55
855
605
378
485
909
219
408
926
625
661
681
625
648
977
495
476
74
15
545
684
222
84
837
655
662
110
451
3
55
624
424
329
100
957
533
320
806
84
660
367
506
316
40
293
51
626
841
712
686
961
161
54
780
307
323
904
128
39
743
314
238
810
19
117
209
869
872
565
152
145
96
614
428
166
231
905
754
125
589
872
543
677
304
149
353
927
389
663
963
789
916
643
909
770
913
149
71
162
704
735
575
19
37
477
847
607
335
478
37
815
56
603
997
475
185
73
991
240
547
98
181
205
870
351
13
662
601
956
459
705
970
776
636
615
910
417
92
255
834
508
24
185
681
992
886
697
852
20
476
45
933
832
545
698
190
485
715
882
837
994
875
326
371
185
860
202
728
2
108
680
939
115
292
983
484
394
938
984
241
268
566
818
331
305
254
353
112
95
172
510
267
207
272
241
262
624
111
963
600
472
555
151
786
806
119
390
404
385
991
820
246
450
644
927
738
676
643
216
254
98
578
880
599
722
799
232
549
862
88
201
686
976
381
348
727
79
600
256
483
805
583
744
340
6
368
183
407
996
632
119
444
510
511
473
301
661
775
615
458
46
268
515
486
698
179
911
156
873
552
386
174
314
691
796
571
197
426
934
880
241
637
628
63
16
101
865
306
249
151
912
602
327
958
88
937
60
6
552
546
120
242
421
45
947
984
530
643
24
862
723
828
27
307
382
998
658
857
530
214
806
681
326
73
181
758
772
645
985
520
55
683
738
732
838
453
518
611
94
728
279
252
131
250
488
701
848
347
421
866
419
774
578
119
799
864
279
493
258
401
535
42
221
34
432
760
142
838
225
820
824
951
133
279
122
973
676
349
421
293
109
597
369
209
362
78
667
821
518
72
423
226
577
110
545
918
796
427
822
595
607
694
18
496
142
578
829
771
713
169
980
601
68
387
110
531
694
278
938
617
133
224
409
175
796
564
930
302
180
707
504
398
147
717
336
71
824
145
861
290
981
519
12
888
904
227
806
226
894
890
749
643
802
363
428
43
55
54
347
550
843
776
608
49
333
376
538
181
95
151
23
116
244
341
288
261
760
537
947
739
486
641
801
900
67
488
558
416
316
48
314
237
571
467
659
870
1000
25
497
796
109
533
358
722
456
388
107
381
302
967
